0
1.75945e-06
6.91147e-06
1.54556e-05
2.73913e-05
4.27179e-05
6.14345e-05
8.35398e-05
0.000109032
0.000137911
0.000170174
0.000205819
0.000244844
0.000287246
0.000333024
0.000382173
0.000434692
0.000490577
0.000549825
0.000612432
0.000678394
0.000747708
0.000820368
0.000896371
0.000975712
0.00105839
0.00114439
0.00123371
0.00132636
0.00142231
0.00152157
0.00162413
0.00172998
0.00183912
0.00195154
0.00206724
0.0021862
0.00230842
0.00243389
0.0025626
0.00269455
0.00282973
0.00296813
0.00310974
0.00325455
0.00340256
0.00355374
0.00370811
0.00386563
0.00402632
0.00419014
0.00435711
0.0045272
0.0047004
0.0048767
0.0050561
0.00523858
0.00542412
0.00561273
0.00580438
0.00599906
0.00619677
0.00639749
0.0066012
0.00680789
0.00701756
0.00723018
0.00744575
0.00766424
0.00788565
0.00810996
0.00833716
0.00856724
0.00880017
0.00903594
0.00927454
0.00951595
0.00976016
0.0100071
0.0102569
0.0105094
0.0107646
0.0110226
0.0112832
0.0115466
0.0118126
0.0120812
0.0123525
0.0126263
0.0129028
0.0131819
0.0134635
0.0137476
0.0140343
0.0143234
0.014615
0.0149091
0.0152057
0.0155046
0.015806
0.0161097
0.0164158
0.0167242
0.0170349
0.017348
0.0176633
0.0179809
0.0183006
0.0186226
0.0189468
0.0192732
0.0196017
0.0199323
0.020265
0.0205997
0.0209366
0.0212754
0.0216162
0.0219591
0.0223038
0.0226505
0.0229991
0.0233496
0.0237019
0.024056
0.024412
0.0247697
0.0251292
0.0254904
0.0258532
0.0262178
0.026584
0.0269518
0.0273212
0.0276921
0.0280646
0.0284386
0.0288141
0.029191
0.0295694
0.0299491
0.0303302
0.0307126
0.0310964
0.0314814
0.0318676
0.0322551
0.0326438
0.0330336
0.0334245
0.0338166
0.0342097
0.0346038
0.0349989
0.0353951
0.0357921
0.0361901
0.0365889
0.0369886
0.0373891
0.0377904
0.0381924
0.0385952
0.0389986
0.0394027
0.0398074
0.0402126
0.0406185
0.0410248
0.0414317
0.041839
0.0422467
0.0426547
0.0430632
0.0434719
0.0438809
0.0442902
0.0446997
0.0451094
0.0455192
0.0459291
0.046339
0.046749
0.047159
0.047569
0.0479789
0.0483887
0.0487983
0.0492078
0.049617
0.050026
0.0504347
0.050843
0.051251
0.0516587
0.0520658
0.0524725
0.0528787
0.0532843
0.0536894
0.0540938
0.0544976
0.0549006
0.055303
0.0557045
0.0561053
0.0565052
0.0569042
0.0573023
0.0576995
0.0580956
0.0584907
0.0588847
0.0592777
0.0596694
0.06006
0.0604494
0.0608375
0.0612243
0.0616098
0.0619939
0.0623765
0.0627578
0.0631375
0.0635157
0.0638923
0.0642674
0.0646408
0.0650125
0.0653825
0.0657508
0.0661172
0.0664819
0.0668447
0.0672055
0.0675645
0.0679214
0.0682764
0.0686293
0.0689801
0.0693288
0.0696753
0.0700196
0.0703617
0.0707015
0.0710391
0.0713742
0.071707
0.0720374
0.0723654
0.0726909
0.0730138
0.0733342
0.073652
0.0739672
0.0742797
0.0745896
0.0748967
0.0752011
0.0755026
0.0758014
0.0760972
0.0763902
0.0766803
0.0769674
0.0772516
0.0775327
0.0778107
0.0780857
0.0783576
0.0786263
0.0788918
0.0791542
0.0794133
0.0796691
0.0799216
0.0801709
0.0804167
0.0806592
0.0808983
0.081134
0.0813661
0.0815948
0.08182
0.0820417
0.0822597
0.0824742
0.0826851
0.0828923
0.0830958
0.0832957
0.0834918
0.0836842
0.0838728
0.0840577
0.0842387
0.0844159
0.0845893
0.0847588
0.0849244
0.0850861
0.0852439
0.0853977
0.0855476
0.0856934
0.0858353
0.0859731
0.0861069
0.0862367
0.0863624
0.086484
0.0866015
0.0867149
0.0868242
0.0869293
0.0870303
0.0871271
0.0872197
0.0873082
0.0873924
0.0874725
0.0875483
0.0876199
0.0876873
0.0877504
0.0878092
0.0878638
0.0879142
0.0879602
0.088002
0.0880395
0.0880727
0.0881016
0.0881262
0.0881466
0.0881626
0.0881743
0.0881817
0.0881848
0.0881836
0.0881781
0.0881683
0.0881542
0.0881357
0.088113
0.088086
0.0880547
0.0880191
0.0879792
0.087935
0.0878866
0.0878338
0.0877769
0.0877156
0.0876501
0.0875804
0.0875064
0.0874283
0.0873459
0.0872593
0.0871685
0.0870735
0.0869743
0.086871
0.0867636
0.086652
0.0865363
0.0864165
0.0862926
0.0861646
0.0860325
0.0858965
0.0857564
0.0856122
0.0854641
0.085312
0.085156
0.084996
0.0848321
0.0846643
0.0844926
0.0843171
0.0841377
0.0839545
0.0837675
0.0835767
0.0833822
0.083184
0.082982
0.0827764
0.0825671
0.0823542
0.0821377
0.0819176
0.0816939
0.0814667
0.081236
0.0810019
0.0807642
0.0805232
0.0802788
0.080031
0.0797798
0.0795254
0.0792677
0.0790067
0.0787425
0.0784751
0.0782046
0.0779309
0.0776542
0.0773743
0.0770915
0.0768056
0.0765167
0.076225
0.0759303
0.0756327
0.0753323
0.0750291
0.0747231
0.0744144
0.0741029
0.0737888
0.0734721
0.0731527
0.0728308
0.0725064
0.0721794
0.07185
0.0715181
0.0711839
0.0708473
0.0705084
0.0701671
0.0698237
0.069478
0.0691301
0.0687801
0.068428
0.0680739
0.0677177
0.0673595
0.0669993
0.0666373
0.0662733
0.0659075
0.0655399
0.0651705
0.0647994
0.0644266
0.0640521
0.063676
0.0632983
0.0629191
0.0625384
0.0621562
0.0617725
0.0613875
0.0610011
0.0606134
0.0602244
0.0598342
0.0594427
0.0590501
0.0586564
0.0582616
0.0578657
0.0574688
0.0570709
0.0566721
0.0562724
0.0558718
0.0554703
0.0550681
0.0546652
0.0542615
0.0538571
0.0534521
0.0530465
0.0526404
0.0522337
0.0518265
0.0514188
0.0510107
0.0506023
0.0501935
0.0497844
0.049375
0.0489654
0.0485556
0.0481456
0.0477355
0.0473253
0.046915
0.0465047
0.0460945
0.0456843
0.0452741
0.0448641
0.0444543
0.0440446
0.0436352
0.043226
0.0428171
0.0424086
0.0420004
0.0415926
0.0411853
0.0407784
0.040372
0.0399662
0.0395609
0.0391562
0.0387522
0.0383488
0.0379461
0.0375441
0.037143
0.0367426
0.036343
0.0359443
0.0355465
0.0351496
0.0347537
0.0343587
0.0339648
0.0335719
0.0331801
0.0327894
0.0323999
0.0320115
0.0316243
0.0312383
0.0308537
0.0304702
0.0300882
0.0297074
0.0293281
0.0289501
0.0285736
0.0281985
0.0278249
0.0274529
0.0270824
0.0267134
0.0263461
0.0259804
0.0256163
0.0252539
0.0248932
0.0245343
0.0241771
0.0238217
0.0234681
0.0231164
0.0227665
0.0224185
0.0220724
0.0217283
0.0213861
0.0210459
0.0207077
0.0203715
0.0200374
0.0197054
0.0193755
0.0190477
0.018722
0.0183986
0.0180773
0.0177582
0.0174414
0.0171268
0.0168146
0.0165046
0.0161969
0.0158916
0.0155887
0.0152881
0.01499
0.0146943
0.014401
0.0141102
0.0138219
0.0135361
0.0132528
0.0129721
0.0126939
0.0124183
0.0121453
0.0118749
0.0116072
0.0113421
0.0110797
0.0108199
0.0105629
0.0103086
0.010057
0.0098082
0.00956216
0.0093189
0.00907844
0.0088408
0.008606
0.00837404
0.00814494
0.00791872
0.0076954
0.00747498
0.00725748
0.00704291
0.00683129
0.00662264
0.00641695
0.00621426
0.00601457
0.00581788
0.00562423
0.00543361
0.00524604
0.00506153
0.0048801
0.00470175
0.00452649
0.00435434
0.00418531
0.0040194
0.00385663
0.00369701
0.00354055
0.00338726
0.00323714
0.00309021
0.00294647
0.00280594
0.00266862
0.00253452
0.00240365
0.00227602
0.00215163
0.0020305
0.00191262
0.00179802
0.00168668
0.00157863
0.00147387
0.0013724
0.00127423
0.00117937
0.00108782
0.000999592
0.000914683
0.000833103
0.000754856
0.000679946
0.000608379
0.000540159
0.000475289
0.000413775
0.000355619
0.000300825
0.000249396
0.000201336
0.000156647
0.000115332
7.73931e-05
4.28332e-05
1.16543e-05
-1.6142e-05
-4.0554e-05
-6.15801e-05
-7.92191e-05
-9.347e-05
-0.000104332
-0.000111804
-0.000115886
-0.000116578
-0.00011388
-0.000107792
-9.83133e-05
-8.54459e-05
-6.91901e-05
-4.95469e-05
-2.65175e-05
-1.03267e-07
2.96941e-05
6.28728e-05
9.94309e-05
0.000139366
0.000182676
0.000229358
0.000279409
0.000332827
0.000389607
0.000449747
0.000513243
0.00058009
0.000650286
0.000723825
0.000800704
0.000880917
0.000964459
0.00105133
0.00114151
0.00123501
0.00133182
0.00143193
0.00153534
0.00164203
0.00175201
0.00186527
0.00198179
0.00210158
0.00222462
0.00235091
0.00248044
0.0026132
0.00274918
0.00288838
0.00303079
0.00317639
0.00332519
0.00347716
0.0036323
0.0037906
0.00395205
0.00411665
0.00428437
0.00445521
