-4.74201e+06, 0, -589617, 6.378e+06, 3.75258e+08, 0, -589617, 1.17374e+06, 7.95074e+08, 0, 3.79608e+09, 473000
-4.74144e+06, -45266, -587959, 6.378e+06, 3.7524e+08, 3.67914e+06, -589617, 1.17374e+06, 7.92852e+08, 7, 3.78553e+09, 473000
-4.74044e+06, -90529, -586301, 6.378e+06, 3.75187e+08, 7.35793e+06, -589617, 1.17374e+06, 7.9063e+08, 26, 3.77499e+09, 473000
-4.73899e+06, -135782, -584643, 6.378e+06, 3.75097e+08, 1.1036e+07, -589616, 1.17374e+06, 7.88409e+08, 59, 3.76444e+09, 473000
-4.7371e+06, -181023, -582984, 6.378e+06, 3.74972e+08, 1.47131e+07, -589615, 1.17374e+06, 7.86188e+08, 104, 3.7539e+09, 473000
-4.73477e+06, -226246, -581326, 6.378e+06, 3.74811e+08, 1.83887e+07, -589613, 1.17374e+06, 7.83967e+08, 163, 3.74335e+09, 473000
-4.732e+06, -271448, -579667, 6.378e+06, 3.74615e+08, 2.20626e+07, -589611, 1.17374e+06, 7.81746e+08, 235, 3.73281e+09, 473000
-4.72879e+06, -316624, -578009, 6.378e+06, 3.74382e+08, 2.57344e+07, -589607, 1.17374e+06, 7.79525e+08, 319, 3.72226e+09, 473000
-4.72515e+06, -361770, -576350, 6.378e+06, 3.74114e+08, 2.94037e+07, -589602, 1.17374e+06, 7.77304e+08, 417, 3.71172e+09, 473000
-4.72106e+06, -406881, -574691, 6.378e+06, 3.73811e+08, 3.30703e+07, -589596, 1.17374e+06, 7.75084e+08, 528, 3.70117e+09, 473000
-4.71654e+06, -451954, -573033, 6.378e+06, 3.73471e+08, 3.67336e+07, -589589, 1.17374e+06, 7.72864e+08, 652, 3.69063e+09, 473000
-4.71157e+06, -496983, -571374, 6.378e+06, 3.73096e+08, 4.03935e+07, -589579, 1.17374e+06, 7.70643e+08, 789, 3.68008e+09, 473000
-4.70618e+06, -541965, -569715, 6.378e+06, 3.72686e+08, 4.40496e+07, -589568, 1.17374e+06, 7.68423e+08, 939, 3.66954e+09, 473000
-4.70034e+06, -586896, -568057, 6.378e+06, 3.7224e+08, 4.77014e+07, -589556, 1.17374e+06, 7.66203e+08, 1102, 3.65899e+09, 473000
-4.69406e+06, -631771, -566398, 6.378e+06, 3.71758e+08, 5.13487e+07, -589541, 1.17374e+06, 7.63984e+08, 1278, 3.64845e+09, 473000
-4.68736e+06, -676585, -564739, 6.378e+06, 3.71242e+08, 5.49911e+07, -589523, 1.17374e+06, 7.61764e+08, 1467, 3.63791e+09, 473000
-4.68021e+06, -721335, -563080, 6.378e+06, 3.70689e+08, 5.86283e+07, -589504, 1.17374e+06, 7.59544e+08, 1669, 3.62736e+09, 473000
-4.67263e+06, -766016, -561421, 6.378e+06, 3.70102e+08, 6.22599e+07, -589482, 1.17374e+06, 7.57325e+08, 1884, 3.61682e+09, 473000
-4.66462e+06, -810625, -559762, 6.378e+06, 3.69479e+08, 6.58855e+07, -589457, 1.17374e+06, 7.55106e+08, 2113, 3.60628e+09, 473000
-4.65617e+06, -855156, -558103, 6.378e+06, 3.68821e+08, 6.95049e+07, -589429, 1.17374e+06, 7.52887e+08, 2354, 3.59573e+09, 473000
-4.64729e+06, -899606, -556444, 6.378e+06, 3.68127e+08, 7.31176e+07, -589398, 1.17374e+06, 7.50668e+08, 2608, 3.58519e+09, 473000
-4.63798e+06, -943970, -554785, 6.378e+06, 3.67399e+08, 7.67234e+07, -589364, 1.17374e+06, 7.48449e+08, 2876, 3.57465e+09, 473000
-4.62824e+06, -988244, -553126, 6.378e+06, 3.66636e+08, 8.03219e+07, -589327, 1.17374e+06, 7.4623e+08, 3156, 3.56411e+09, 473000
-4.61807e+06, -1.03242e+06, -551467, 6.378e+06, 3.65837e+08, 8.39127e+07, -589287, 1.17374e+06, 7.44012e+08, 3450, 3.55356e+09, 473000
-4.60747e+06, -1.0765e+06, -549808, 6.378e+06, 3.65004e+08, 8.74956e+07, -589242, 1.17374e+06, 7.41793e+08, 3756, 3.54302e+09, 473000
-4.59644e+06, -1.12048e+06, -548149, 6.378e+06, 3.64136e+08, 9.10701e+07, -589194, 1.17374e+06, 7.39575e+08, 4076, 3.53248e+09, 473000
-4.58499e+06, -1.16436e+06, -546490, 6.378e+06, 3.63234e+08, 9.46359e+07, -589142, 1.17374e+06, 7.37357e+08, 4408, 3.52194e+09, 473000
-4.57311e+06, -1.20812e+06, -544831, 6.378e+06, 3.62297e+08, 9.81928e+07, -589086, 1.17374e+06, 7.35139e+08, 4754, 3.5114e+09, 473000
-4.5608e+06, -1.25176e+06, -543172, 6.378e+06, 3.61325e+08, 1.0174e+08, -589026, 1.17374e+06, 7.32921e+08, 5113, 3.50085e+09, 473000
-4.54807e+06, -1.29529e+06, -541513, 6.378e+06, 3.60319e+08, 1.05278e+08, -588961, 1.17374e+06, 7.30703e+08, 5484, 3.49031e+09, 473000
-4.53492e+06, -1.3387e+06, -539854, 6.378e+06, 3.59278e+08, 1.08806e+08, -588892, 1.17374e+06, 7.28486e+08, 5869, 3.47977e+09, 473000
-4.52135e+06, -1.38197e+06, -538195, 6.378e+06, 3.58204e+08, 1.12323e+08, -588818, 1.17374e+06, 7.26268e+08, 6267, 3.46923e+09, 473000
-4.50736e+06, -1.42512e+06, -536536, 6.378e+06, 3.57095e+08, 1.1583e+08, -588739, 1.17374e+06, 7.24051e+08, 6678, 3.45869e+09, 473000
-4.49295e+06, -1.46813e+06, -534876, 6.378e+06, 3.55952e+08, 1.19326e+08, -588656, 1.17374e+06, 7.21833e+08, 7102, 3.44815e+09, 473000
-4.47812e+06, -1.511e+06, -533217, 6.378e+06, 3.54776e+08, 1.2281e+08, -588567, 1.17374e+06, 7.19616e+08, 7539, 3.43761e+09, 473000
-4.46288e+06, -1.55372e+06, -531558, 6.378e+06, 3.53565e+08, 1.26283e+08, -588473, 1.17374e+06, 7.17399e+08, 7989, 3.42707e+09, 473000
-4.44722e+06, -1.5963e+06, -529899, 6.378e+06, 3.52321e+08, 1.29743e+08, -588373, 1.17374e+06, 7.15183e+08, 8452, 3.41653e+09, 473000
-4.43116e+06, -1.63873e+06, -528240, 6.378e+06, 3.51043e+08, 1.33192e+08, -588268, 1.17374e+06, 7.12966e+08, 8928, 3.40599e+09, 473000
-4.41468e+06, -1.681e+06, -526581, 6.378e+06, 3.49732e+08, 1.36627e+08, -588158, 1.17374e+06, 7.10749e+08, 9417, 3.39545e+09, 473000
-4.39779e+06, -1.72311e+06, -524922, 6.378e+06, 3.48388e+08, 1.4005e+08, -588041, 1.17374e+06, 7.08533e+08, 9920, 3.38491e+09, 473000
-4.38049e+06, -1.76505e+06, -523263, 6.378e+06, 3.47011e+08, 1.43459e+08, -587918, 1.17374e+06, 7.06316e+08, 10435, 3.37437e+09, 473000
-4.36278e+06, -1.80683e+06, -521604, 6.378e+06, 3.456e+08, 1.46855e+08, -587789, 1.17374e+06, 7.041e+08, 10963, 3.36383e+09, 473000
-4.34468e+06, -1.84844e+06, -519945, 6.378e+06, 3.44157e+08, 1.50236e+08, -587654, 1.17374e+06, 7.01884e+08, 11505, 3.35329e+09, 473000
-4.32616e+06, -1.88987e+06, -518285, 6.378e+06, 3.42681e+08, 1.53604e+08, -587513, 1.17374e+06, 6.99668e+08, 12059, 3.34275e+09, 473000
-4.30725e+06, -1.93112e+06, -516626, 6.378e+06, 3.41172e+08, 1.56956e+08, -587365, 1.17374e+06, 6.97452e+08, 12627, 3.33221e+09, 473000
-4.28794e+06, -1.97219e+06, -514967, 6.378e+06, 3.39631e+08, 1.60294e+08, -587210, 1.17374e+06, 6.95237e+08, 13207, 3.32167e+09, 473000
-4.26823e+06, -2.01307e+06, -513308, 6.378e+06, 3.38057e+08, 1.63617e+08, -587048, 1.17374e+06, 6.93021e+08, 13801, 3.31113e+09, 473000
-4.24812e+06, -2.05376e+06, -511649, 6.378e+06, 3.36451e+08, 1.66924e+08, -586880, 1.17374e+06, 6.90806e+08, 14408, 3.30059e+09, 473000
-4.22762e+06, -2.09425e+06, -509990, 6.378e+06, 3.34814e+08, 1.70215e+08, -586704, 1.17374e+06, 6.8859e+08, 15027, 3.29005e+09, 473000
-4.20673e+06, -2.13454e+06, -508331, 6.378e+06, 3.33144e+08, 1.7349e+08, -586521, 1.17374e+06, 6.86375e+08, 15660, 3.27951e+09, 473000
-4.18545e+06, -2.17463e+06, -506672, 6.378e+06, 3.31443e+08, 1.76749e+08, -586330, 1.17374e+06, 6.8416e+08, 16306, 3.26897e+09, 473000
-4.16378e+06, -2.21452e+06, -505013, 6.378e+06, 3.2971e+08, 1.7999e+08, -586132, 1.17374e+06, 6.81945e+08, 16965, 3.25843e+09, 473000
-4.14173e+06, -2.25419e+06, -503355, 6.378e+06, 3.27946e+08, 1.83215e+08, -585927, 1.17374e+06, 6.7973e+08, 17637, 3.24789e+09, 473000
-4.11929e+06, -2.29365e+06, -501696, 6.378e+06, 3.26151e+08, 1.86422e+08, -585713, 1.17374e+06, 6.77515e+08, 18322, 3.23736e+09, 473000
-4.09647e+06, -2.33289e+06, -500037, 6.378e+06, 3.24325e+08, 1.89612e+08, -585492, 1.17374e+06, 6.75301e+08, 19020, 3.22682e+09, 473000
-4.07328e+06, -2.37192e+06, -498378, 6.378e+06, 3.22468e+08, 1.92783e+08, -585262, 1.17374e+06, 6.73086e+08, 19731, 3.21628e+09, 473000
-4.0497e+06, -2.41071e+06, -496719, 6.378e+06, 3.2058e+08, 1.95936e+08, -585024, 1.17374e+06, 6.70872e+08, 20455, 3.20574e+09, 473000
-4.02575e+06, -2.44928e+06, -495060, 6.378e+06, 3.18662e+08, 1.99071e+08, -584778, 1.17374e+06, 6.68658e+08, 21192, 3.1952e+09, 473000
-4.00143e+06, -2.48761e+06, -493402, 6.378e+06, 3.16714e+08, 2.02186e+08, -584523, 1.17374e+06, 6.66443e+08, 21942, 3.18466e+09, 473000
-3.97674e+06, -2.52571e+06, -491743, 6.378e+06, 3.14735e+08, 2.05283e+08, -584260, 1.17374e+06, 6.64229e+08, 22706, 3.17412e+09, 473000
-3.95168e+06, -2.56356e+06, -490084, 6.378e+06, 3.12727e+08, 2.0836e+08, -583988, 1.17374e+06, 6.62015e+08, 23482, 3.16359e+09, 473000
-3.92625e+06, -2.60118e+06, -488425, 6.378e+06, 3.10689e+08, 2.11417e+08, -583707, 1.17374e+06, 6.59802e+08, 24271, 3.15305e+09, 473000
-3.90046e+06, -2.63855e+06, -486767, 6.378e+06, 3.08621e+08, 2.14454e+08, -583417, 1.17374e+06, 6.57588e+08, 25074, 3.14251e+09, 473000
-3.87431e+06, -2.67566e+06, -485108, 6.378e+06, 3.06524e+08, 2.17471e+08, -583118, 1.17374e+06, 6.55374e+08, 25889, 3.13197e+09, 473000
-3.8478e+06, -2.71253e+06, -483450, 6.378e+06, 3.04398e+08, 2.20467e+08, -582810, 1.17374e+06, 6.53161e+08, 26718, 3.12143e+09, 473000
-3.82094e+06, -2.74913e+06, -481791, 6.378e+06, 3.02243e+08, 2.23442e+08, -582492, 1.17374e+06, 6.50947e+08, 27559, 3.1109e+09, 473000
-3.79373e+06, -2.78548e+06, -480133, 6.378e+06, 3.0006e+08, 2.26396e+08, -582165, 1.17374e+06, 6.48734e+08, 28414, 3.10036e+09, 473000
-3.76616e+06, -2.82156e+06, -478474, 6.378e+06, 2.97848e+08, 2.29329e+08, -581828, 1.17374e+06, 6.46521e+08, 29282, 3.08982e+09, 473000
-3.73825e+06, -2.85737e+06, -476816, 6.378e+06, 2.95607e+08, 2.3224e+08, -581481, 1.17374e+06, 6.44308e+08, 30163, 3.07928e+09, 473000
-3.70999e+06, -2.89291e+06, -475157, 6.378e+06, 2.93339e+08, 2.35128e+08, -581124, 1.17374e+06, 6.42095e+08, 31057, 3.06874e+09, 473000
-3.68139e+06, -2.92818e+06, -473499, 6.378e+06, 2.91043e+08, 2.37995e+08, -580758, 1.17374e+06, 6.39882e+08, 31963, 3.05821e+09, 473000
-3.65245e+06, -2.96317e+06, -471841, 6.378e+06, 2.88719e+08, 2.40839e+08, -580381, 1.17374e+06, 6.3767e+08, 32883, 3.04767e+09, 473000
-3.62317e+06, -2.99788e+06, -470183, 6.378e+06, 2.86368e+08, 2.4366e+08, -579994, 1.17374e+06, 6.35457e+08, 33816, 3.03713e+09, 473000
-3.59356e+06, -3.0323e+06, -468524, 6.378e+06, 2.8399e+08, 2.46458e+08, -579597, 1.17374e+06, 6.33244e+08, 34762, 3.02659e+09, 473000
-3.56361e+06, -3.06644e+06, -466866, 6.378e+06, 2.81585e+08, 2.49233e+08, -579189, 1.17374e+06, 6.31032e+08, 35722, 3.01605e+09, 473000
-3.53334e+06, -3.10029e+06, -465208, 6.378e+06, 2.79153e+08, 2.51984e+08, -578771, 1.17374e+06, 6.2882e+08, 36694, 3.00552e+09, 473000
-3.50275e+06, -3.13384e+06, -463550, 6.378e+06, 2.76694e+08, 2.54711e+08, -578342, 1.17374e+06, 6.26607e+08, 37679, 2.99498e+09, 473000
-3.47183e+06, -3.1671e+06, -461892, 6.378e+06, 2.7421e+08, 2.57414e+08, -577902, 1.17374e+06, 6.24395e+08, 38677, 2.98444e+09, 473000
-3.44059e+06, -3.20006e+06, -460234, 6.378e+06, 2.71699e+08, 2.60093e+08, -577451, 1.17374e+06, 6.22183e+08, 39689, 2.9739e+09, 473000
-3.40903e+06, -3.23271e+06, -458576, 6.378e+06, 2.69163e+08, 2.62747e+08, -576989, 1.17374e+06, 6.19972e+08, 40713, 2.96336e+09, 473000
-3.37716e+06, -3.26506e+06, -456918, 6.378e+06, 2.66601e+08, 2.65376e+08, -576516, 1.17374e+06, 6.1776e+08, 41750, 2.95283e+09, 473000
-3.34498e+06, -3.2971e+06, -455260, 6.378e+06, 2.64014e+08, 2.6798e+08, -576031, 1.17374e+06, 6.15548e+08, 42801, 2.94229e+09, 473000
-3.3125e+06, -3.32883e+06, -453603, 6.378e+06, 2.61402e+08, 2.70558e+08, -575536, 1.17374e+06, 6.13336e+08, 43864, 2.93175e+09, 473000
-3.27971e+06, -3.36024e+06, -451945, 6.378e+06, 2.58766e+08, 2.73112e+08, -575028, 1.17374e+06, 6.11125e+08, 44941, 2.92121e+09, 473000
-3.24661e+06, -3.39133e+06, -450287, 6.378e+06, 2.56104e+08, 2.75639e+08, -574509, 1.17374e+06, 6.08914e+08, 46031, 2.91067e+09, 473000
-3.21322e+06, -3.42211e+06, -448630, 6.378e+06, 2.53419e+08, 2.7814e+08, -573979, 1.17374e+06, 6.06702e+08, 47133, 2.90014e+09, 473000
-3.17954e+06, -3.45256e+06, -446972, 6.378e+06, 2.5071e+08, 2.80615e+08, -573437, 1.17374e+06, 6.04491e+08, 48249, 2.8896e+09, 473000
-3.14556e+06, -3.48268e+06, -445315, 6.378e+06, 2.47976e+08, 2.83063e+08, -572882, 1.17374e+06, 6.0228e+08, 49378, 2.87906e+09, 473000
-3.11129e+06, -3.51247e+06, -443657, 6.378e+06, 2.4522e+08, 2.85485e+08, -572316, 1.17374e+06, 6.00069e+08, 50520, 2.86852e+09, 473000
-3.07674e+06, -3.54194e+06, -442000, 6.378e+06, 2.4244e+08, 2.87879e+08, -571738, 1.17374e+06, 5.97858e+08, 51675, 2.85798e+09, 473000
-3.0419e+06, -3.57106e+06, -440342, 6.378e+06, 2.39637e+08, 2.90247e+08, -571147, 1.17374e+06, 5.95647e+08, 52843, 2.84745e+09, 473000
-3.00679e+06, -3.59985e+06, -438685, 6.378e+06, 2.36812e+08, 2.92587e+08, -570544, 1.17374e+06, 5.93436e+08, 54024, 2.83691e+09, 473000
-2.9714e+06, -3.6283e+06, -437028, 6.378e+06, 2.33964e+08, 2.94899e+08, -569929, 1.17374e+06, 5.91226e+08, 55218, 2.82637e+09, 473000
-2.93574e+06, -3.65641e+06, -435371, 6.378e+06, 2.31094e+08, 2.97184e+08, -569301, 1.17374e+06, 5.89015e+08, 56425, 2.81583e+09, 473000
-2.89982e+06, -3.68417e+06, -433714, 6.378e+06, 2.28203e+08, 2.9944e+08, -568661, 1.17374e+06, 5.86805e+08, 57645, 2.80529e+09, 473000
-2.86362e+06, -3.71158e+06, -432057, 6.378e+06, 2.25289e+08, 3.01668e+08, -568008, 1.17374e+06, 5.84594e+08, 58878, 2.79475e+09, 473000
-2.82716e+06, -3.73865e+06, -430400, 6.378e+06, 2.22355e+08, 3.03868e+08, -567342, 1.17374e+06, 5.82384e+08, 60125, 2.78421e+09, 473000
-2.79045e+06, -3.76536e+06, -428743, 6.378e+06, 2.19399e+08, 3.06039e+08, -566663, 1.17374e+06, 5.80174e+08, 61384, 2.77368e+09, 473000
-2.75348e+06, -3.79172e+06, -427086, 6.378e+06, 2.16423e+08, 3.08181e+08, -565972, 1.17374e+06, 5.77963e+08, 62656, 2.76314e+09, 473000
-2.71626e+06, -3.81771e+06, -425429, 6.378e+06, 2.13426e+08, 3.10294e+08, -565267, 1.17374e+06, 5.75753e+08, 63942, 2.7526e+09, 473000
-2.67879e+06, -3.84335e+06, -423772, 6.378e+06, 2.1041e+08, 3.12378e+08, -564549, 1.17374e+06, 5.73543e+08, 65240, 2.74206e+09, 473000
-2.64108e+06, -3.86862e+06, -422116, 6.378e+06, 2.07373e+08, 3.14432e+08, -563818, 1.17374e+06, 5.71333e+08, 66552, 2.73152e+09, 473000
-2.60313e+06, -3.89354e+06, -420459, 6.378e+06, 2.04317e+08, 3.16457e+08, -563074, 1.17374e+06, 5.69124e+08, 67876, 2.72098e+09, 473000
-2.56494e+06, -3.91808e+06, -418802, 6.378e+06, 2.01241e+08, 3.18451e+08, -562316, 1.17374e+06, 5.66914e+08, 69214, 2.71044e+09, 473000
-2.52651e+06, -3.94225e+06, -417146, 6.378e+06, 1.98147e+08, 3.20416e+08, -561545, 1.17374e+06, 5.64704e+08, 70564, 2.6999e+09, 473000
-2.48786e+06, -3.96606e+06, -415489, 6.378e+06, 1.95034e+08, 3.22351e+08, -560760, 1.17374e+06, 5.62494e+08, 71928, 2.68936e+09, 473000
-2.44898e+06, -3.98948e+06, -413833, 6.378e+06, 1.91902e+08, 3.24255e+08, -559961, 1.17374e+06, 5.60285e+08, 73305, 2.67882e+09, 473000
-2.40988e+06, -4.01254e+06, -412177, 6.378e+06, 1.88752e+08, 3.26129e+08, -559149, 1.17374e+06, 5.58075e+08, 74694, 2.66828e+09, 473000
-2.37055e+06, -4.03521e+06, -410520, 6.378e+06, 1.85585e+08, 3.27972e+08, -558323, 1.17374e+06, 5.55866e+08, 76097, 2.65774e+09, 473000
-2.33102e+06, -4.05751e+06, -408864, 6.378e+06, 1.824e+08, 3.29784e+08, -557484, 1.17374e+06, 5.53657e+08, 77513, 2.6472e+09, 473000
-2.29127e+06, -4.07942e+06, -407208, 6.378e+06, 1.79198e+08, 3.31565e+08, -556630, 1.17374e+06, 5.51448e+08, 78942, 2.63666e+09, 473000
-2.25131e+06, -4.10095e+06, -405552, 6.378e+06, 1.75979e+08, 3.33314e+08, -555762, 1.17374e+06, 5.49238e+08, 80384, 2.62612e+09, 473000
-2.21115e+06, -4.12209e+06, -403896, 6.378e+06, 1.72743e+08, 3.35033e+08, -554881, 1.17374e+06, 5.47029e+08, 81839, 2.61558e+09, 473000
-2.17079e+06, -4.14285e+06, -402240, 6.378e+06, 1.69492e+08, 3.3672e+08, -553985, 1.17374e+06, 5.4482e+08, 83307, 2.60504e+09, 473000
-2.13024e+06, -4.16321e+06, -400584, 6.378e+06, 1.66224e+08, 3.38375e+08, -553075, 1.17374e+06, 5.42611e+08, 84788, 2.5945e+09, 473000
-2.08949e+06, -4.18318e+06, -398928, 6.378e+06, 1.62941e+08, 3.39999e+08, -552150, 1.17374e+06, 5.40402e+08, 86282, 2.58395e+09, 473000
-2.04855e+06, -4.20277e+06, -397272, 6.378e+06, 1.59642e+08, 3.4159e+08, -551211, 1.17374e+06, 5.38193e+08, 87789, 2.57341e+09, 473000
-2.00743e+06, -4.22195e+06, -395617, 6.378e+06, 1.56328e+08, 3.43149e+08, -550258, 1.17374e+06, 5.35985e+08, 89309, 2.56287e+09, 473000
-1.96613e+06, -4.24074e+06, -393961, 6.378e+06, 1.53e+08, 3.44676e+08, -549291, 1.17374e+06, 5.33776e+08, 90842, 2.55233e+09, 473000
-1.92465e+06, -4.25913e+06, -392305, 6.378e+06, 1.49657e+08, 3.46171e+08, -548309, 1.17374e+06, 5.31567e+08, 92388, 2.54179e+09, 473000
-1.883e+06, -4.27712e+06, -390650, 6.378e+06, 1.463e+08, 3.47633e+08, -547312, 1.17374e+06, 5.29359e+08, 93947, 2.53124e+09, 473000
-1.84117e+06, -4.29471e+06, -388994, 6.378e+06, 1.42929e+08, 3.49063e+08, -546300, 1.17374e+06, 5.2715e+08, 95519, 2.5207e+09, 473000
-1.79919e+06, -4.31189e+06, -387339, 6.378e+06, 1.39545e+08, 3.5046e+08, -545274, 1.17374e+06, 5.24942e+08, 97104, 2.51016e+09, 473000
-1.75704e+06, -4.32867e+06, -385684, 6.378e+06, 1.36148e+08, 3.51823e+08, -544233, 1.17374e+06, 5.22733e+08, 98702, 2.49962e+09, 473000
-1.71473e+06, -4.34505e+06, -384028, 6.378e+06, 1.32738e+08, 3.53154e+08, -543178, 1.17374e+06, 5.20525e+08, 100313, 2.48907e+09, 473000
-1.67227e+06, -4.36101e+06, -382373, 6.378e+06, 1.29316e+08, 3.54452e+08, -542107, 1.17374e+06, 5.18316e+08, 101938, 2.47853e+09, 473000
-1.62966e+06, -4.37657e+06, -380718, 6.378e+06, 1.25881e+08, 3.55716e+08, -541021, 1.17374e+06, 5.16108e+08, 103575, 2.46799e+09, 473000
-1.58691e+06, -4.39172e+06, -379063, 6.378e+06, 1.22435e+08, 3.56947e+08, -539921, 1.17374e+06, 5.139e+08, 105225, 2.45744e+09, 473000
-1.54401e+06, -4.40645e+06, -377408, 6.378e+06, 1.18977e+08, 3.58145e+08, -538805, 1.17374e+06, 5.11692e+08, 106888, 2.4469e+09, 473000
-1.50098e+06, -4.42077e+06, -375753, 6.378e+06, 1.15508e+08, 3.59309e+08, -537675, 1.17374e+06, 5.09483e+08, 108564, 2.43635e+09, 473000
-1.45781e+06, -4.43468e+06, -374098, 6.378e+06, 1.12028e+08, 3.60439e+08, -536529, 1.17374e+06, 5.07275e+08, 110254, 2.42581e+09, 473000
-1.41452e+06, -4.44817e+06, -372443, 6.378e+06, 1.08537e+08, 3.61536e+08, -535368, 1.17374e+06, 5.05067e+08, 111956, 2.41526e+09, 473000
-1.3711e+06, -4.46124e+06, -370788, 6.378e+06, 1.05037e+08, 3.62599e+08, -534192, 1.17374e+06, 5.02859e+08, 113671, 2.40472e+09, 473000
-1.32755e+06, -4.4739e+06, -369133, 6.378e+06, 1.01526e+08, 3.63627e+08, -533001, 1.17374e+06, 5.00651e+08, 115399, 2.39417e+09, 473000
-1.28389e+06, -4.48614e+06, -367479, 6.378e+06, 9.80065e+07, 3.64622e+08, -531794, 1.17374e+06, 4.98443e+08, 117140, 2.38362e+09, 473000
-1.24012e+06, -4.49796e+06, -365824, 6.378e+06, 9.44773e+07, 3.65582e+08, -530572, 1.17374e+06, 4.96235e+08, 118894, 2.37308e+09, 473000
-1.19624e+06, -4.50935e+06, -364169, 6.378e+06, 9.09394e+07, 3.66509e+08, -529335, 1.17374e+06, 4.94027e+08, 120661, 2.36253e+09, 473000
-1.15225e+06, -4.52033e+06, -362515, 6.378e+06, 8.73929e+07, 3.674e+08, -528082, 1.17374e+06, 4.9182e+08, 122442, 2.35198e+09, 473000
-1.10817e+06, -4.53088e+06, -360860, 6.378e+06, 8.38382e+07, 3.68258e+08, -526814, 1.17374e+06, 4.89612e+08, 124235, 2.34144e+09, 473000
-1.06398e+06, -4.541e+06, -359206, 6.378e+06, 8.02756e+07, 3.69081e+08, -525530, 1.17374e+06, 4.87404e+08, 126041, 2.33089e+09, 473000
-1.01971e+06, -4.55071e+06, -357551, 6.378e+06, 7.67056e+07, 3.6987e+08, -524231, 1.17374e+06, 4.85196e+08, 127860, 2.32034e+09, 473000
-975342, -4.55998e+06, -355897, 6.378e+06, 7.31283e+07, 3.70624e+08, -522916, 1.17374e+06, 4.82988e+08, 129692, 2.30979e+09, 473000
-930893, -4.56884e+06, -354243, 6.378e+06, 6.95443e+07, 3.71343e+08, -521586, 1.17374e+06, 4.80781e+08, 131536, 2.29924e+09, 473000
-886364, -4.57726e+06, -352588, 6.378e+06, 6.59537e+07, 3.72028e+08, -520240, 1.17374e+06, 4.78573e+08, 133394, 2.28869e+09, 473000
-841759, -4.58525e+06, -350934, 6.378e+06, 6.23569e+07, 3.72678e+08, -518878, 1.17374e+06, 4.76365e+08, 135265, 2.27814e+09, 473000
-797083, -4.59282e+06, -349280, 6.378e+06, 5.87543e+07, 3.73293e+08, -517501, 1.17374e+06, 4.74158e+08, 137149, 2.26759e+09, 473000
-752338, -4.59996e+06, -347626, 6.378e+06, 5.51462e+07, 3.73873e+08, -516109, 1.17374e+06, 4.7195e+08, 139045, 2.25704e+09, 473000
-707530, -4.60667e+06, -345972, 6.378e+06, 5.1533e+07, 3.74418e+08, -514700, 1.17374e+06, 4.69742e+08, 140955, 2.24649e+09, 473000
-662663, -4.61295e+06, -344318, 6.378e+06, 4.79149e+07, 3.74929e+08, -513276, 1.17374e+06, 4.67535e+08, 142878, 2.23594e+09, 473000
-617741, -4.6188e+06, -342663, 6.378e+06, 4.42924e+07, 3.75404e+08, -511836, 1.17374e+06, 4.65327e+08, 144813, 2.22539e+09, 473000
-572768, -4.62421e+06, -341009, 6.378e+06, 4.06657e+07, 3.75844e+08, -510380, 1.17374e+06, 4.6312e+08, 146762, 2.21484e+09, 473000
-527748, -4.6292e+06, -339356, 6.378e+06, 3.70352e+07, 3.76249e+08, -508909, 1.17374e+06, 4.60912e+08, 148723, 2.20429e+09, 473000
-482685, -4.63375e+06, -337702, 6.378e+06, 3.34012e+07, 3.7662e+08, -507422, 1.17374e+06, 4.58704e+08, 150697, 2.19373e+09, 473000
-437584, -4.63788e+06, -336048, 6.378e+06, 2.97642e+07, 3.76955e+08, -505919, 1.17374e+06, 4.56497e+08, 152684, 2.18318e+09, 473000
-392448, -4.64156e+06, -334394, 6.378e+06, 2.61243e+07, 3.77254e+08, -504400, 1.17374e+06, 4.54289e+08, 154684, 2.17262e+09, 473000
-347283, -4.64482e+06, -332740, 6.378e+06, 2.2482e+07, 3.77519e+08, -502865, 1.17374e+06, 4.52082e+08, 156697, 2.16207e+09, 473000
-302091, -4.64764e+06, -331086, 6.378e+06, 1.88376e+07, 3.77749e+08, -501315, 1.17374e+06, 4.49874e+08, 158723, 2.15151e+09, 473000
-256878, -4.65004e+06, -329432, 6.378e+06, 1.51915e+07, 3.77943e+08, -499748, 1.17374e+06, 4.47666e+08, 160761, 2.14096e+09, 473000
-211648, -4.65199e+06, -327779, 6.378e+06, 1.15439e+07, 3.78102e+08, -498166, 1.17374e+06, 4.45459e+08, 162813, 2.1304e+09, 473000
-166404, -4.65352e+06, -326125, 6.378e+06, 7.89521e+06, 3.78226e+08, -496568, 1.17374e+06, 4.43251e+08, 164877, 2.11985e+09, 473000
-121150, -4.65461e+06, -324471, 6.378e+06, 4.2458e+06, 3.78315e+08, -494955, 1.17374e+06, 4.41044e+08, 166955, 2.10929e+09, 473000
-75892, -4.65527e+06, -322818, 6.378e+06, 595986, 3.78368e+08, -493325, 1.17374e+06, 4.38836e+08, 169045, 2.09873e+09, 473000
-30633, -4.65549e+06, -321164, 6.378e+06, -3.05389e+06, 3.78386e+08, -491680, 1.17374e+06, 4.36628e+08, 171148, 2.08817e+09, 473000
14622, -4.65528e+06, -319510, 6.378e+06, -6.70349e+06, 3.7837e+08, -490018, 1.17374e+06, 4.34421e+08, 173263, 2.07761e+09, 473000
59870, -4.65464e+06, -317857, 6.378e+06, -1.03525e+07, 3.78317e+08, -488341, 1.17374e+06, 4.32213e+08, 175392, 2.06705e+09, 473000
105107, -4.65357e+06, -316203, 6.378e+06, -1.40005e+07, 3.7823e+08, -486648, 1.17374e+06, 4.30005e+08, 177533, 2.05649e+09, 473000
150327, -4.65206e+06, -314550, 6.378e+06, -1.76472e+07, 3.78108e+08, -484940, 1.17374e+06, 4.27798e+08, 179688, 2.04593e+09, 473000
195528, -4.65012e+06, -312896, 6.378e+06, -2.12923e+07, 3.7795e+08, -483215, 1.17374e+06, 4.2559e+08, 181855, 2.03537e+09, 473000
240704, -4.64775e+06, -311242, 6.378e+06, -2.49355e+07, 3.77757e+08, -481475, 1.17374e+06, 4.23382e+08, 184035, 2.02481e+09, 473000
285852, -4.64495e+06, -309589, 6.378e+06, -2.85763e+07, 3.7753e+08, -479718, 1.17374e+06, 4.21174e+08, 186227, 2.01425e+09, 473000
330967, -4.64171e+06, -307935, 6.378e+06, -3.22144e+07, 3.77267e+08, -477946, 1.17374e+06, 4.18966e+08, 188433, 2.00368e+09, 473000
376045, -4.63805e+06, -306282, 6.378e+06, -3.58496e+07, 3.76969e+08, -476159, 1.17374e+06, 4.16758e+08, 190651, 1.99312e+09, 473000
421083, -4.63395e+06, -304628, 6.378e+06, -3.94815e+07, 3.76636e+08, -474355, 1.17374e+06, 4.1455e+08, 192882, 1.98255e+09, 473000
466076, -4.62943e+06, -302975, 6.378e+06, -4.31097e+07, 3.76268e+08, -472536, 1.17374e+06, 4.12342e+08, 195125, 1.97199e+09, 473000
511020, -4.62447e+06, -301321, 6.378e+06, -4.67339e+07, 3.75865e+08, -470701, 1.17374e+06, 4.10134e+08, 197382, 1.96142e+09, 473000
555910, -4.61908e+06, -299668, 6.378e+06, -5.03538e+07, 3.75427e+08, -468850, 1.17374e+06, 4.07926e+08, 199651, 1.95086e+09, 473000
600743, -4.61327e+06, -298014, 6.378e+06, -5.3969e+07, 3.74955e+08, -466984, 1.17374e+06, 4.05718e+08, 201933, 1.94029e+09, 473000
645515, -4.60703e+06, -296360, 6.378e+06, -5.75792e+07, 3.74448e+08, -465102, 1.17374e+06, 4.0351e+08, 204227, 1.92972e+09, 473000
690221, -4.60036e+06, -294707, 6.378e+06, -6.11841e+07, 3.73906e+08, -463204, 1.17374e+06, 4.01302e+08, 206534, 1.91915e+09, 473000
734858, -4.59327e+06, -293053, 6.378e+06, -6.47833e+07, 3.73329e+08, -461291, 1.17374e+06, 3.99093e+08, 208854, 1.90858e+09, 473000
779420, -4.58575e+06, -291400, 6.378e+06, -6.83766e+07, 3.72718e+08, -459362, 1.17374e+06, 3.96885e+08, 211187, 1.89801e+09, 473000
823905, -4.5778e+06, -289746, 6.378e+06, -7.19635e+07, 3.72072e+08, -457417, 1.17374e+06, 3.94677e+08, 213532, 1.88744e+09, 473000
868308, -4.56943e+06, -288092, 6.378e+06, -7.55437e+07, 3.71392e+08, -455457, 1.17374e+06, 3.92468e+08, 215890, 1.87687e+09, 473000
912625, -4.56064e+06, -286438, 6.378e+06, -7.9117e+07, 3.70677e+08, -453482, 1.17374e+06, 3.90259e+08, 218260, 1.86629e+09, 473000
956852, -4.55142e+06, -284785, 6.378e+06, -8.26829e+07, 3.69928e+08, -451491, 1.17374e+06, 3.88051e+08, 220643, 1.85572e+09, 473000
1.00098e+06, -4.54179e+06, -283131, 6.378e+06, -8.62412e+07, 3.69145e+08, -449484, 1.17374e+06, 3.85842e+08, 223039, 1.84514e+09, 473000
1.04502e+06, -4.53173e+06, -281477, 6.378e+06, -8.97915e+07, 3.68328e+08, -447463, 1.17374e+06, 3.83633e+08, 225447, 1.83457e+09, 473000
1.08895e+06, -4.52126e+06, -279823, 6.378e+06, -9.33335e+07, 3.67476e+08, -445425, 1.17374e+06, 3.81424e+08, 227868, 1.82399e+09, 473000
1.13278e+06, -4.51036e+06, -278169, 6.378e+06, -9.68669e+07, 3.66591e+08, -443373, 1.17374e+06, 3.79215e+08, 230301, 1.81341e+09, 473000
1.1765e+06, -4.49905e+06, -276515, 6.378e+06, -1.00391e+08, 3.65671e+08, -441305, 1.17374e+06, 3.77006e+08, 232747, 1.80283e+09, 473000
1.2201e+06, -4.48732e+06, -274861, 6.378e+06, -1.03906e+08, 3.64718e+08, -439222, 1.17374e+06, 3.74797e+08, 235205, 1.79225e+09, 473000
1.26358e+06, -4.47518e+06, -273207, 6.378e+06, -1.07412e+08, 3.63731e+08, -437123, 1.17374e+06, 3.72588e+08, 237676, 1.78167e+09, 473000
1.30695e+06, -4.46263e+06, -271553, 6.378e+06, -1.10908e+08, 3.62711e+08, -435010, 1.17374e+06, 3.70378e+08, 240160, 1.77109e+09, 473000
1.35018e+06, -4.44966e+06, -269899, 6.378e+06, -1.14393e+08, 3.61657e+08, -432881, 1.17374e+06, 3.68169e+08, 242655, 1.76051e+09, 473000
1.39329e+06, -4.43628e+06, -268245, 6.378e+06, -1.17868e+08, 3.60569e+08, -430737, 1.17374e+06, 3.65959e+08, 245164, 1.74993e+09, 473000
1.43626e+06, -4.42249e+06, -266591, 6.378e+06, -1.21332e+08, 3.59449e+08, -428578, 1.17374e+06, 3.63749e+08, 247684, 1.73934e+09, 473000
1.4791e+06, -4.4083e+06, -264936, 6.378e+06, -1.24785e+08, 3.58295e+08, -426405, 1.17374e+06, 3.61539e+08, 250217, 1.72876e+09, 473000
1.52179e+06, -4.39369e+06, -263282, 6.378e+06, -1.28226e+08, 3.57108e+08, -424216, 1.17374e+06, 3.59329e+08, 252763, 1.71817e+09, 473000
1.56434e+06, -4.37868e+06, -261627, 6.378e+06, -1.31655e+08, 3.55888e+08, -422012, 1.17374e+06, 3.57119e+08, 255320, 1.70758e+09, 473000
1.60674e+06, -4.36327e+06, -259973, 6.378e+06, -1.35073e+08, 3.54635e+08, -419793, 1.17374e+06, 3.54909e+08, 257891, 1.69699e+09, 473000
1.64898e+06, -4.34745e+06, -258318, 6.378e+06, -1.38477e+08, 3.5335e+08, -417560, 1.17374e+06, 3.52698e+08, 260473, 1.6864e+09, 473000
1.69107e+06, -4.33124e+06, -256663, 6.378e+06, -1.41869e+08, 3.52032e+08, -415312, 1.17374e+06, 3.50488e+08, 263068, 1.67581e+09, 473000
1.733e+06, -4.31462e+06, -255008, 6.378e+06, -1.45248e+08, 3.50681e+08, -413049, 1.17374e+06, 3.48277e+08, 265675, 1.66522e+09, 473000
1.77476e+06, -4.2976e+06, -253353, 6.378e+06, -1.48614e+08, 3.49298e+08, -410772, 1.17374e+06, 3.46066e+08, 268294, 1.65462e+09, 473000
1.81636e+06, -4.2802e+06, -251698, 6.378e+06, -1.51966e+08, 3.47883e+08, -408480, 1.17374e+06, 3.43855e+08, 270925, 1.64403e+09, 473000
1.85778e+06, -4.26239e+06, -250043, 6.378e+06, -1.55304e+08, 3.46436e+08, -406173, 1.17374e+06, 3.41644e+08, 273569, 1.63343e+09, 473000
1.89903e+06, -4.24419e+06, -248388, 6.378e+06, -1.58627e+08, 3.44957e+08, -403852, 1.17374e+06, 3.39433e+08, 276225, 1.62283e+09, 473000
1.9401e+06, -4.2256e+06, -246733, 6.378e+06, -1.61936e+08, 3.43446e+08, -401517, 1.17374e+06, 3.37221e+08, 278893, 1.61223e+09, 473000
1.98098e+06, -4.20663e+06, -245077, 6.378e+06, -1.6523e+08, 3.41904e+08, -399167, 1.17374e+06, 3.35009e+08, 281572, 1.60163e+09, 473000
2.02168e+06, -4.18726e+06, -243421, 6.378e+06, -1.68509e+08, 3.4033e+08, -396803, 1.17374e+06, 3.32797e+08, 284265, 1.59103e+09, 473000
2.06218e+06, -4.16751e+06, -241766, 6.378e+06, -1.71773e+08, 3.38725e+08, -394425, 1.17374e+06, 3.30585e+08, 286969, 1.58043e+09, 473000
2.10249e+06, -4.14738e+06, -240110, 6.378e+06, -1.7502e+08, 3.37088e+08, -392033, 1.17374e+06, 3.28373e+08, 289685, 1.56982e+09, 473000
2.14261e+06, -4.12686e+06, -238454, 6.378e+06, -1.78252e+08, 3.35421e+08, -389626, 1.17374e+06, 3.26161e+08, 292413, 1.55922e+09, 473000
2.18252e+06, -4.10597e+06, -236797, 6.378e+06, -1.81467e+08, 3.33723e+08, -387206, 1.17374e+06, 3.23948e+08, 295153, 1.54861e+09, 473000
2.22222e+06, -4.0847e+06, -235141, 6.378e+06, -1.84665e+08, 3.31994e+08, -384771, 1.17374e+06, 3.21735e+08, 297905, 1.538e+09, 473000
2.26172e+06, -4.06305e+06, -233485, 6.378e+06, -1.87847e+08, 3.30234e+08, -382323, 1.17374e+06, 3.19522e+08, 300669, 1.52739e+09, 473000
2.30101e+06, -4.04102e+06, -231828, 6.378e+06, -1.91011e+08, 3.28444e+08, -379861, 1.17374e+06, 3.17309e+08, 303444, 1.51678e+09, 473000
2.34008e+06, -4.01863e+06, -230171, 6.378e+06, -1.94157e+08, 3.26624e+08, -377385, 1.17374e+06, 3.15095e+08, 306232, 1.50616e+09, 473000
2.37893e+06, -3.99587e+06, -228514, 6.378e+06, -1.97286e+08, 3.24774e+08, -374896, 1.17374e+06, 3.12881e+08, 309031, 1.49555e+09, 473000
2.41756e+06, -3.97274e+06, -226857, 6.378e+06, -2.00397e+08, 3.22894e+08, -372393, 1.17374e+06, 3.10667e+08, 311842, 1.48493e+09, 473000
2.45596e+06, -3.94924e+06, -225200, 6.378e+06, -2.03489e+08, 3.20984e+08, -369876, 1.17374e+06, 3.08453e+08, 314664, 1.47431e+09, 473000
2.49413e+06, -3.92539e+06, -223542, 6.378e+06, -2.06562e+08, 3.19045e+08, -367346, 1.17374e+06, 3.06238e+08, 317498, 1.46369e+09, 473000
2.53206e+06, -3.90117e+06, -221884, 6.378e+06, -2.09617e+08, 3.17077e+08, -364803, 1.17374e+06, 3.04024e+08, 320344, 1.45307e+09, 473000
2.56977e+06, -3.87659e+06, -220226, 6.378e+06, -2.12652e+08, 3.15079e+08, -362247, 1.17374e+06, 3.01809e+08, 323201, 1.44245e+09, 473000
2.60723e+06, -3.85166e+06, -218568, 6.378e+06, -2.15668e+08, 3.13053e+08, -359677, 1.17374e+06, 2.99593e+08, 326070, 1.43182e+09, 473000
2.64444e+06, -3.82637e+06, -216910, 6.378e+06, -2.18664e+08, 3.10998e+08, -357094, 1.17374e+06, 2.97378e+08, 328951, 1.42119e+09, 473000
2.68142e+06, -3.80074e+06, -215251, 6.378e+06, -2.2164e+08, 3.08914e+08, -354498, 1.17374e+06, 2.95162e+08, 331842, 1.41056e+09, 473000
2.71814e+06, -3.77475e+06, -213593, 6.378e+06, -2.24596e+08, 3.06802e+08, -351889, 1.17374e+06, 2.92945e+08, 334745, 1.39993e+09, 473000
2.7546e+06, -3.74842e+06, -211934, 6.378e+06, -2.27531e+08, 3.04662e+08, -349268, 1.17374e+06, 2.90729e+08, 337659, 1.3893e+09, 473000
2.79082e+06, -3.72174e+06, -210274, 6.378e+06, -2.30445e+08, 3.02494e+08, -346633, 1.17374e+06, 2.88512e+08, 340585, 1.37866e+09, 473000
2.82677e+06, -3.69473e+06, -208615, 6.378e+06, -2.33338e+08, 3.00298e+08, -343986, 1.17374e+06, 2.86295e+08, 343521, 1.36803e+09, 473000
2.86246e+06, -3.66737e+06, -206955, 6.378e+06, -2.3621e+08, 2.98075e+08, -341327, 1.17374e+06, 2.84077e+08, 346469, 1.35739e+09, 473000
2.89788e+06, -3.63968e+06, -205295, 6.378e+06, -2.3906e+08, 2.95824e+08, -338654, 1.17374e+06, 2.8186e+08, 349428, 1.34675e+09, 473000
2.93303e+06, -3.61166e+06, -203635, 6.378e+06, -2.41888e+08, 2.93546e+08, -335970, 1.17374e+06, 2.79641e+08, 352398, 1.3361e+09, 473000
2.96791e+06, -3.5833e+06, -201974, 6.378e+06, -2.44694e+08, 2.91241e+08, -333273, 1.17374e+06, 2.77423e+08, 355379, 1.32546e+09, 473000
3.00252e+06, -3.55462e+06, -200313, 6.378e+06, -2.47477e+08, 2.8891e+08, -330564, 1.17374e+06, 2.75204e+08, 358370, 1.31481e+09, 473000
3.03684e+06, -3.52561e+06, -198652, 6.378e+06, -2.50238e+08, 2.86552e+08, -327842, 1.17374e+06, 2.72985e+08, 361372, 1.30416e+09, 473000
3.07088e+06, -3.49627e+06, -196990, 6.378e+06, -2.52976e+08, 2.84168e+08, -325109, 1.17374e+06, 2.70765e+08, 364386, 1.29351e+09, 473000
3.10464e+06, -3.46662e+06, -195329, 6.378e+06, -2.55691e+08, 2.81758e+08, -322364, 1.17374e+06, 2.68545e+08, 367409, 1.28285e+09, 473000
3.13812e+06, -3.43665e+06, -193666, 6.378e+06, -2.58383e+08, 2.79322e+08, -319607, 1.17374e+06, 2.66324e+08, 370443, 1.27219e+09, 473000
3.1713e+06, -3.40637e+06, -192004, 6.378e+06, -2.6105e+08, 2.76861e+08, -316838, 1.17374e+06, 2.64104e+08, 373488, 1.26153e+09, 473000
3.20418e+06, -3.37577e+06, -190341, 6.378e+06, -2.63694e+08, 2.74374e+08, -314057, 1.17374e+06, 2.61882e+08, 376543, 1.25087e+09, 473000
3.23677e+06, -3.34486e+06, -188678, 6.378e+06, -2.66314e+08, 2.71862e+08, -311265, 1.17374e+06, 2.59661e+08, 379609, 1.24021e+09, 473000
3.26906e+06, -3.31365e+06, -187015, 6.378e+06, -2.6891e+08, 2.69325e+08, -308462, 1.17374e+06, 2.57438e+08, 382684, 1.22954e+09, 473000
3.30105e+06, -3.28214e+06, -185351, 6.378e+06, -2.7148e+08, 2.66764e+08, -305647, 1.17374e+06, 2.55216e+08, 385770, 1.21887e+09, 473000
3.33274e+06, -3.25032e+06, -183686, 6.378e+06, -2.74026e+08, 2.64178e+08, -302820, 1.17374e+06, 2.52993e+08, 388866, 1.20819e+09, 473000
3.36411e+06, -3.21821e+06, -182022, 6.378e+06, -2.76547e+08, 2.61568e+08, -299983, 1.17374e+06, 2.50769e+08, 391972, 1.19752e+09, 473000
3.39517e+06, -3.18581e+06, -180357, 6.378e+06, -2.79043e+08, 2.58934e+08, -297135, 1.17374e+06, 2.48545e+08, 395087, 1.18684e+09, 473000
3.42592e+06, -3.15311e+06, -178691, 6.378e+06, -2.81513e+08, 2.56277e+08, -294275, 1.17374e+06, 2.4632e+08, 398213, 1.17616e+09, 473000
3.45636e+06, -3.12013e+06, -177025, 6.378e+06, -2.83958e+08, 2.53596e+08, -291405, 1.17374e+06, 2.44095e+08, 401347, 1.16547e+09, 473000
3.48647e+06, -3.08686e+06, -175359, 6.378e+06, -2.86376e+08, 2.50892e+08, -288524, 1.17374e+06, 2.41869e+08, 404492, 1.15478e+09, 473000
3.51627e+06, -3.0533e+06, -173692, 6.378e+06, -2.88769e+08, 2.48165e+08, -285632, 1.17374e+06, 2.39643e+08, 407646, 1.14409e+09, 473000
3.54573e+06, -3.01947e+06, -172025, 6.378e+06, -2.91135e+08, 2.45415e+08, -282730, 1.17374e+06, 2.37416e+08, 410809, 1.1334e+09, 473000
3.57488e+06, -2.98536e+06, -170357, 6.378e+06, -2.93474e+08, 2.42643e+08, -279817, 1.17374e+06, 2.35189e+08, 413981, 1.1227e+09, 473000
3.60369e+06, -2.95099e+06, -168689, 6.378e+06, -2.95787e+08, 2.39849e+08, -276894, 1.17374e+06, 2.32961e+08, 417162, 1.112e+09, 473000
3.63217e+06, -2.91634e+06, -167021, 6.378e+06, -2.98072e+08, 2.37032e+08, -273961, 1.17374e+06, 2.30733e+08, 420352, 1.1013e+09, 473000
3.66031e+06, -2.88142e+06, -165351, 6.378e+06, -3.00331e+08, 2.34195e+08, -271018, 1.17374e+06, 2.28503e+08, 423551, 1.09059e+09, 473000
3.68812e+06, -2.84624e+06, -163682, 6.378e+06, -3.02562e+08, 2.31335e+08, -268065, 1.17374e+06, 2.26273e+08, 426758, 1.07988e+09, 473000
3.71559e+06, -2.81081e+06, -162011, 6.378e+06, -3.04765e+08, 2.28455e+08, -265102, 1.17374e+06, 2.24043e+08, 429974, 1.06916e+09, 473000
3.74272e+06, -2.77511e+06, -160341, 6.378e+06, -3.06941e+08, 2.25554e+08, -262129, 1.17374e+06, 2.21812e+08, 433198, 1.05844e+09, 473000
3.7695e+06, -2.73916e+06, -158669, 6.378e+06, -3.09088e+08, 2.22632e+08, -259146, 1.17374e+06, 2.1958e+08, 436430, 1.04772e+09, 473000
3.79594e+06, -2.70297e+06, -156997, 6.378e+06, -3.11208e+08, 2.1969e+08, -256154, 1.17374e+06, 2.17347e+08, 439670, 1.03699e+09, 473000
3.82202e+06, -2.66652e+06, -155325, 6.378e+06, -3.13299e+08, 2.16728e+08, -253152, 1.17374e+06, 2.15114e+08, 442918, 1.02626e+09, 473000
3.84776e+06, -2.62984e+06, -153652, 6.378e+06, -3.15361e+08, 2.13746e+08, -250141, 1.17374e+06, 2.1288e+08, 446173, 1.01553e+09, 473000
3.87314e+06, -2.59291e+06, -151978, 6.378e+06, -3.17395e+08, 2.10745e+08, -247121, 1.17374e+06, 2.10645e+08, 449436, 1.00479e+09, 473000
3.89817e+06, -2.55574e+06, -150303, 6.378e+06, -3.194e+08, 2.07724e+08, -244092, 1.17374e+06, 2.08409e+08, 452706, 9.94046e+08, 473000
3.92284e+06, -2.51835e+06, -148628, 6.378e+06, -3.21375e+08, 2.04685e+08, -241054, 1.17374e+06, 2.06173e+08, 455983, 9.83298e+08, 473000
3.94714e+06, -2.48072e+06, -146952, 6.378e+06, -3.23322e+08, 2.01627e+08, -238007, 1.17374e+06, 2.03936e+08, 459267, 9.72546e+08, 473000
3.97109e+06, -2.44287e+06, -145276, 6.378e+06, -3.25238e+08, 1.9855e+08, -234951, 1.17374e+06, 2.01698e+08, 462557, 9.6179e+08, 473000
3.99467e+06, -2.4048e+06, -143599, 6.378e+06, -3.27126e+08, 1.95456e+08, -231886, 1.17374e+06, 1.99459e+08, 465853, 9.51028e+08, 473000
4.01788e+06, -2.3665e+06, -141921, 6.378e+06, -3.28983e+08, 1.92343e+08, -228813, 1.17374e+06, 1.97219e+08, 469156, 9.40262e+08, 473000
4.04073e+06, -2.32799e+06, -140242, 6.378e+06, -3.30811e+08, 1.89213e+08, -225732, 1.17374e+06, 1.94978e+08, 472464, 9.2949e+08, 473000
4.06321e+06, -2.28927e+06, -138562, 6.378e+06, -3.32608e+08, 1.86066e+08, -222642, 1.17374e+06, 1.92736e+08, 475778, 9.18714e+08, 473000
4.08531e+06, -2.25034e+06, -136882, 6.378e+06, -3.34375e+08, 1.82902e+08, -219544, 1.17374e+06, 1.90493e+08, 479097, 9.07932e+08, 473000
4.10704e+06, -2.21121e+06, -135201, 6.378e+06, -3.36112e+08, 1.79721e+08, -216438, 1.17374e+06, 1.88249e+08, 482421, 8.97145e+08, 473000
4.12839e+06, -2.17187e+06, -133519, 6.378e+06, -3.37818e+08, 1.76524e+08, -213325, 1.17374e+06, 1.86004e+08, 485750, 8.86352e+08, 473000
4.14936e+06, -2.13234e+06, -131836, 6.378e+06, -3.39493e+08, 1.73311e+08, -210203, 1.17374e+06, 1.83758e+08, 489083, 8.75554e+08, 473000
4.16996e+06, -2.09261e+06, -130152, 6.378e+06, -3.41137e+08, 1.70082e+08, -207074, 1.17374e+06, 1.81511e+08, 492420, 8.6475e+08, 473000
4.19017e+06, -2.05269e+06, -128467, 6.378e+06, -3.42751e+08, 1.66837e+08, -203937, 1.17374e+06, 1.79263e+08, 495760, 8.5394e+08, 473000
4.21e+06, -2.01258e+06, -126782, 6.378e+06, -3.44333e+08, 1.63578e+08, -200792, 1.17374e+06, 1.77013e+08, 499104, 8.43123e+08, 473000
4.22944e+06, -1.97229e+06, -125095, 6.378e+06, -3.45883e+08, 1.60303e+08, -197641, 1.17374e+06, 1.74763e+08, 502451, 8.32301e+08, 473000
4.2485e+06, -1.93183e+06, -123407, 6.378e+06, -3.47403e+08, 1.57014e+08, -194482, 1.17374e+06, 1.72511e+08, 505800, 8.21471e+08, 473000
4.26717e+06, -1.89118e+06, -121718, 6.378e+06, -3.4889e+08, 1.53711e+08, -191316, 1.17374e+06, 1.70258e+08, 509152, 8.10636e+08, 473000
4.28544e+06, -1.85037e+06, -120028, 6.378e+06, -3.50346e+08, 1.50393e+08, -188143, 1.17374e+06, 1.68003e+08, 512505, 7.99793e+08, 473000
4.30333e+06, -1.80938e+06, -118337, 6.378e+06, -3.5177e+08, 1.47062e+08, -184963, 1.17374e+06, 1.65747e+08, 515859, 7.88943e+08, 473000
4.32082e+06, -1.76823e+06, -116645, 6.378e+06, -3.53163e+08, 1.43717e+08, -181776, 1.17374e+06, 1.6349e+08, 519214, 7.78086e+08, 473000
4.33792e+06, -1.72692e+06, -114952, 6.378e+06, -3.54522e+08, 1.4036e+08, -178583, 1.17374e+06, 1.61231e+08, 522570, 7.67221e+08, 473000
4.35462e+06, -1.68546e+06, -113257, 6.378e+06, -3.5585e+08, 1.3699e+08, -175384, 1.17374e+06, 1.58971e+08, 525925, 7.56348e+08, 473000
4.37092e+06, -1.64384e+06, -111562, 6.378e+06, -3.57146e+08, 1.33607e+08, -172178, 1.17374e+06, 1.56709e+08, 529279, 7.45468e+08, 473000
4.38683e+06, -1.60206e+06, -109864, 6.378e+06, -3.58408e+08, 1.30212e+08, -168966, 1.17374e+06, 1.54445e+08, 532632, 7.34579e+08, 473000
4.40233e+06, -1.56015e+06, -108166, 6.378e+06, -3.59639e+08, 1.26805e+08, -165747, 1.17374e+06, 1.5218e+08, 535983, 7.23682e+08, 473000
4.41743e+06, -1.51809e+06, -106466, 6.378e+06, -3.60836e+08, 1.23387e+08, -162523, 1.17374e+06, 1.49913e+08, 539331, 7.12775e+08, 473000
4.43213e+06, -1.4759e+06, -104765, 6.378e+06, -3.62001e+08, 1.19957e+08, -159293, 1.17374e+06, 1.47645e+08, 542676, 7.0186e+08, 473000
4.44642e+06, -1.43357e+06, -103062, 6.378e+06, -3.63133e+08, 1.16517e+08, -156057, 1.17374e+06, 1.45374e+08, 546017, 6.90936e+08, 473000
4.46031e+06, -1.39111e+06, -101357, 6.378e+06, -3.64232e+08, 1.13066e+08, -152815, 1.17374e+06, 1.43102e+08, 549353, 6.80001e+08, 473000
4.47379e+06, -1.34852e+06, -99652, 6.378e+06, -3.65298e+08, 1.09605e+08, -149568, 1.17374e+06, 1.40827e+08, 552683, 6.69057e+08, 473000
4.48686e+06, -1.30581e+06, -97944, 6.378e+06, -3.6633e+08, 1.06133e+08, -146316, 1.17374e+06, 1.38551e+08, 556008, 6.58102e+08, 473000
4.49953e+06, -1.26298e+06, -96235, 6.378e+06, -3.6733e+08, 1.02652e+08, -143058, 1.17374e+06, 1.36272e+08, 559325, 6.47137e+08, 473000
4.51178e+06, -1.22004e+06, -94524, 6.378e+06, -3.68296e+08, 9.91622e+07, -139795, 1.17374e+06, 1.33992e+08, 562633, 6.3616e+08, 473000
4.52362e+06, -1.17699e+06, -92811, 6.378e+06, -3.69228e+08, 9.56629e+07, -136528, 1.17374e+06, 1.31709e+08, 565933, 6.25172e+08, 473000
4.53505e+06, -1.13383e+06, -91096, 6.378e+06, -3.70127e+08, 9.2155e+07, -133255, 1.17374e+06, 1.29423e+08, 569223, 6.14172e+08, 473000
4.54607e+06, -1.09057e+06, -89379, 6.378e+06, -3.70992e+08, 8.86387e+07, -129977, 1.17374e+06, 1.27135e+08, 572501, 6.03159e+08, 473000
4.55667e+06, -1.0472e+06, -87660, 6.378e+06, -3.71824e+08, 8.51143e+07, -126695, 1.17374e+06, 1.24845e+08, 575768, 5.92134e+08, 473000
4.56686e+06, -1.00375e+06, -85939, 6.378e+06, -3.72622e+08, 8.15822e+07, -123409, 1.17374e+06, 1.22552e+08, 579020, 5.81095e+08, 473000
4.57663e+06, -960198, -84216, 6.378e+06, -3.73386e+08, 7.80427e+07, -120118, 1.17374e+06, 1.20256e+08, 582258, 5.70042e+08, 473000
4.58598e+06, -916562, -82490, 6.378e+06, -3.74116e+08, 7.44961e+07, -116822, 1.17374e+06, 1.17957e+08, 585480, 5.58975e+08, 473000
4.59492e+06, -872843, -80762, 6.378e+06, -3.74812e+08, 7.09427e+07, -113523, 1.17374e+06, 1.15655e+08, 588684, 5.47893e+08, 473000
4.60344e+06, -829045, -79032, 6.378e+06, -3.75474e+08, 6.73829e+07, -110219, 1.17374e+06, 1.1335e+08, 591869, 5.36794e+08, 473000
4.61153e+06, -785171, -77299, 6.378e+06, -3.76102e+08, 6.3817e+07, -106912, 1.17374e+06, 1.11042e+08, 595033, 5.2568e+08, 473000
4.61921e+06, -741226, -75563, 6.378e+06, -3.76696e+08, 6.02453e+07, -103600, 1.17374e+06, 1.08731e+08, 598175, 5.14548e+08, 473000
4.62647e+06, -697214, -73824, 6.378e+06, -3.77255e+08, 5.66681e+07, -100285, 1.17374e+06, 1.06415e+08, 601293, 5.03399e+08, 473000
4.63331e+06, -653138, -72083, 6.378e+06, -3.7778e+08, 5.30857e+07, -96967, 1.17374e+06, 1.04096e+08, 604385, 4.9223e+08, 473000
4.63973e+06, -609003, -70338, 6.378e+06, -3.78271e+08, 4.94985e+07, -93645, 1.17374e+06, 1.01773e+08, 607449, 4.81042e+08, 473000
4.64572e+06, -564813, -68590, 6.378e+06, -3.78728e+08, 4.59069e+07, -90320, 1.17374e+06, 9.94464e+07, 610482, 4.69834e+08, 473000
4.6513e+06, -520571, -66838, 6.378e+06, -3.7915e+08, 4.2311e+07, -86991, 1.17374e+06, 9.7115e+07, 613483, 4.58604e+08, 473000
4.65645e+06, -476282, -65083, 6.378e+06, -3.79538e+08, 3.87114e+07, -83660, 1.17374e+06, 9.47791e+07, 616449, 4.47351e+08, 473000
4.66117e+06, -431950, -63324, 6.378e+06, -3.79892e+08, 3.51082e+07, -80325, 1.17374e+06, 9.24384e+07, 619377, 4.36074e+08, 473000
4.66548e+06, -387578, -61561, 6.378e+06, -3.80211e+08, 3.15018e+07, -76988, 1.17374e+06, 9.00926e+07, 622265, 4.24772e+08, 473000
4.66936e+06, -343172, -59794, 6.378e+06, -3.80495e+08, 2.78926e+07, -73647, 1.17374e+06, 8.77415e+07, 625109, 4.13444e+08, 473000
4.67281e+06, -298734, -58022, 6.378e+06, -3.80745e+08, 2.42808e+07, -70305, 1.17374e+06, 8.53848e+07, 627907, 4.02087e+08, 473000
4.67584e+06, -254269, -56246, 6.378e+06, -3.8096e+08, 2.06668e+07, -66959, 1.17374e+06, 8.30222e+07, 630655, 3.90701e+08, 473000
4.67845e+06, -209781, -54465, 6.378e+06, -3.81141e+08, 1.7051e+07, -63612, 1.17374e+06, 8.06532e+07, 633349, 3.79284e+08, 473000
4.68063e+06, -165274, -52678, 6.378e+06, -3.81287e+08, 1.34336e+07, -60262, 1.17374e+06, 7.82775e+07, 635986, 3.67833e+08, 473000
4.68239e+06, -120752, -50886, 6.378e+06, -3.81398e+08, 9.81493e+06, -56910, 1.17374e+06, 7.58947e+07, 638562, 3.56346e+08, 473000
4.68372e+06, -76219, -49087, 6.378e+06, -3.81475e+08, 6.19541e+06, -53556, 1.17374e+06, 7.35043e+07, 641072, 3.44821e+08, 473000
4.68463e+06, -31679, -47283, 6.378e+06, -3.81517e+08, 2.57533e+06, -50200, 1.17374e+06, 7.11058e+07, 643511, 3.33256e+08, 473000
4.68511e+06, 12864, -45471, 6.378e+06, -3.81525e+08, -1.04498e+06, -46842, 1.17374e+06, 6.86985e+07, 645876, 3.21648e+08, 473000
4.68517e+06, 57406, -43652, 6.378e+06, -3.81498e+08, -4.6652e+06, -43483, 1.17374e+06, 6.6282e+07, 648160, 3.09993e+08, 473000
4.6848e+06, 101943, -41825, 6.378e+06, -3.81436e+08, -8.285e+06, -40122, 1.17374e+06, 6.38554e+07, 650359, 2.98287e+08, 473000
4.68401e+06, 146470, -39989, 6.378e+06, -3.8134e+08, -1.1904e+07, -36759, 1.17374e+06, 6.1418e+07, 652466, 2.86527e+08, 473000
4.6828e+06, 190984, -38144, 6.378e+06, -3.81209e+08, -1.5522e+07, -33396, 1.17374e+06, 5.89688e+07, 654476, 2.74708e+08, 473000
4.68116e+06, 235481, -36289, 6.378e+06, -3.81044e+08, -1.91386e+07, -30031, 1.17374e+06, 5.65069e+07, 656383, 2.62825e+08, 473000
4.6791e+06, 279957, -34423, 6.378e+06, -3.80844e+08, -2.27534e+07, -26665, 1.17374e+06, 5.40311e+07, 658181, 2.50872e+08, 473000
4.67662e+06, 324407, -32544, 6.378e+06, -3.80609e+08, -2.63662e+07, -23298, 1.17374e+06, 5.154e+07, 659862, 2.38841e+08, 473000
4.67371e+06, 368828, -30652, 6.378e+06, -3.8034e+08, -2.99765e+07, -19930, 1.17374e+06, 4.90321e+07, 661423, 2.26725e+08, 473000
4.67038e+06, 413215, -28745, 6.378e+06, -3.80036e+08, -3.35842e+07, -16562, 1.17374e+06, 4.65055e+07, 662857, 2.14515e+08, 473000
4.66663e+06, 457565, -26822, 6.378e+06, -3.79698e+08, -3.71888e+07, -13193, 1.17374e+06, 4.39582e+07, 664162, 2.02198e+08, 473000
4.66246e+06, 501873, -24879, 6.378e+06, -3.79325e+08, -4.079e+07, -9824, 1.17374e+06, 4.13877e+07, 665334, 1.89763e+08, 473000
4.65787e+06, 546136, -22915, 6.378e+06, -3.78918e+08, -4.43875e+07, -6455, 1.17374e+06, 3.87907e+07, 666377, 1.77192e+08, 473000
4.65286e+06, 590349, -20927, 6.378e+06, -3.78476e+08, -4.7981e+07, -3086, 1.17374e+06, 3.61637e+07, 667297, 1.64465e+08, 473000
4.64744e+06, 634508, -18910, 6.378e+06, -3.78e+08, -5.15701e+07, 283, 1.17374e+06, 3.35018e+07, 668113, 1.51557e+08, 473000
4.64159e+06, 678610, -16859, 6.378e+06, -3.7749e+08, -5.51546e+07, 3652, 1.17374e+06, 3.07991e+07, 668859, 1.38436e+08, 473000
4.63534e+06, 722651, -14768, 6.378e+06, -3.76945e+08, -5.8734e+07, 7021, 1.17374e+06, 2.80478e+07, 669596, 1.25058e+08, 473000
4.62867e+06, 766626, -12627, 6.378e+06, -3.76367e+08, -6.23081e+07, 10389, 1.17374e+06, 2.52374e+07, 670438, 1.11365e+08, 473000
4.62159e+06, 810531, -10424, 6.378e+06, -3.75754e+08, -6.58766e+07, 13755, 1.17374e+06, 2.23531e+07, 671596, 9.72742e+07, 473000
4.61411e+06, 854362, -8138, 6.378e+06, -3.75107e+08, -6.94391e+07, 17121, 1.17374e+06, 1.9373e+07, 673484, 8.2658e+07, 473000
4.60623e+06, 898116, -5736, 6.378e+06, -3.74425e+08, -7.29952e+07, 20486, 1.17374e+06, 1.62621e+07, 676984, 6.73084e+07, 473000
4.59797e+06, 941787, -3158, 6.378e+06, -3.7371e+08, -7.65448e+07, 23849, 1.17374e+06, 1.29572e+07, 684306, 5.08349e+07, 473000
4.58933e+06, 985372, -256, 6.378e+06, -3.72961e+08, -8.00874e+07, 27210, 1.17374e+06, 9.31853e+06, 702910, 3.23056e+07, 473000
4.58042e+06, 1.02885e+06, 3707, 6.378e+06, -3.72178e+08, -8.36227e+07, 30569, 1.17374e+06, 4.81678e+06, 805925, 7.02843e+06, 473000
