0
-8.10358e-08
-3.25324e-07
-7.32858e-07
-1.30362e-06
-2.0376e-06
-2.93477e-06
-3.99509e-06
-5.21853e-06
-6.60505e-06
-8.15461e-06
-9.86715e-06
-1.17426e-05
-1.37809e-05
-1.5982e-05
-1.83459e-05
-2.08723e-05
-2.35613e-05
-2.64128e-05
-2.94266e-05
-3.26027e-05
-3.59409e-05
-3.94412e-05
-4.31033e-05
-4.69273e-05
-5.09129e-05
-5.506e-05
-5.93685e-05
-6.38382e-05
-6.8469e-05
-7.32607e-05
-7.82132e-05
-8.33262e-05
-8.85995e-05
-9.40331e-05
-9.96267e-05
-0.00010538
-0.000111293
-0.000117365
-0.000123597
-0.000129988
-0.000136537
-0.000143245
-0.000150111
-0.000157134
-0.000164316
-0.000171655
-0.000179152
-0.000186805
-0.000194615
-0.000202581
-0.000210704
-0.000218982
-0.000227415
-0.000236004
-0.000244747
-0.000253645
-0.000262697
-0.000271903
-0.000281262
-0.000290775
-0.00030044
-0.000310257
-0.000320226
-0.000330347
-0.000340619
-0.000351041
-0.000361614
-0.000372337
-0.000383209
-0.00039423
-0.0004054
-0.000416718
-0.000428183
-0.000439796
-0.000451555
-0.00046346
-0.000475512
-0.000487708
-0.000500049
-0.000512534
-0.000525162
-0.000537934
-0.000550848
-0.000563904
-0.000577101
-0.000590439
-0.000603917
-0.000617534
-0.000631291
-0.000645186
-0.000659218
-0.000673387
-0.000687693
-0.000702135
-0.000716711
-0.000731422
-0.000746267
-0.000761244
-0.000776353
-0.000791594
-0.000806966
-0.000822468
-0.000838099
-0.000853858
-0.000869745
-0.000885759
-0.000901899
-0.000918164
-0.000934553
-0.000951066
-0.000967702
-0.000984459
-0.00100134
-0.00101834
-0.00103545
-0.00105269
-0.00107004
-0.00108751
-0.0011051
-0.0011228
-0.00114061
-0.00115853
-0.00117657
-0.00119472
-0.00121297
-0.00123134
-0.00124981
-0.00126839
-0.00128707
-0.00130586
-0.00132475
-0.00134374
-0.00136283
-0.00138202
-0.00140131
-0.0014207
-0.00144018
-0.00145976
-0.00147943
-0.00149919
-0.00151905
-0.00153899
-0.00155902
-0.00157914
-0.00159935
-0.00161964
-0.00164001
-0.00166046
-0.001681
-0.00170161
-0.0017223
-0.00174307
-0.00176391
-0.00178482
-0.00180581
-0.00182687
-0.00184799
-0.00186918
-0.00189044
-0.00191176
-0.00193315
-0.00195459
-0.0019761
-0.00199766
-0.00201928
-0.00204095
-0.00206268
-0.00208446
-0.00210628
-0.00212816
-0.00215008
-0.00217205
-0.00219405
-0.0022161
-0.00223819
-0.00226031
-0.00228247
-0.00230467
-0.00232689
-0.00234915
-0.00237143
-0.00239374
-0.00241607
-0.00243843
-0.00246081
-0.0024832
-0.00250561
-0.00252804
-0.00255048
-0.00257293
-0.00259538
-0.00261785
-0.00264032
-0.00266279
-0.00268526
-0.00270773
-0.00273019
-0.00275265
-0.0027751
-0.00279754
-0.00281997
-0.00284238
-0.00286478
-0.00288715
-0.00290951
-0.00293184
-0.00295415
-0.00297643
-0.00299868
-0.0030209
-0.00304308
-0.00306522
-0.00308733
-0.00310939
-0.00313141
-0.00315339
-0.00317531
-0.00319719
-0.00321901
-0.00324078
-0.00326249
-0.00328414
-0.00330572
-0.00332724
-0.0033487
-0.00337008
-0.00339139
-0.00341263
-0.00343379
-0.00345487
-0.00347587
-0.00349678
-0.00351761
-0.00353835
-0.003559
-0.00357955
-0.00360001
-0.00362037
-0.00364062
-0.00366078
-0.00368082
-0.00370076
-0.00372059
-0.0037403
-0.0037599
-0.00377938
-0.00379874
-0.00381798
-0.00383709
-0.00385607
-0.00387493
-0.00389365
-0.00391223
-0.00393068
-0.00394899
-0.00396715
-0.00398517
-0.00400305
-0.00402077
-0.00403834
-0.00405576
-0.00407303
-0.00409013
-0.00410707
-0.00412385
-0.00414047
-0.00415691
-0.00417319
-0.00418929
-0.00420522
-0.00422097
-0.00423655
-0.00425194
-0.00426715
-0.00428217
-0.00429701
-0.00431166
-0.00432612
-0.00434038
-0.00435444
-0.00436831
-0.00438198
-0.00439545
-0.00440872
-0.00442177
-0.00443463
-0.00444727
-0.0044597
-0.00447192
-0.00448392
-0.00449571
-0.00450728
-0.00451863
-0.00452975
-0.00454066
-0.00455134
-0.00456179
-0.00457202
-0.00458201
-0.00459178
-0.00460131
-0.0046106
-0.00461967
-0.00462849
-0.00463708
-0.00464543
-0.00465353
-0.0046614
-0.00466902
-0.0046764
-0.00468353
-0.00469042
-0.00469706
-0.00470344
-0.00470958
-0.00471547
-0.00472111
-0.0047265
-0.00473163
-0.00473651
-0.00474113
-0.0047455
-0.00474961
-0.00475346
-0.00475706
-0.0047604
-0.00476348
-0.0047663
-0.00476886
-0.00477117
-0.00477321
-0.00477499
-0.00477651
-0.00477777
-0.00477877
-0.00477951
-0.00477998
-0.00478019
-0.00478015
-0.00477984
-0.00477927
-0.00477843
-0.00477734
-0.00477599
-0.00477437
-0.00477249
-0.00477036
-0.00476796
-0.0047653
-0.00476239
-0.00475921
-0.00475578
-0.00475209
-0.00474814
-0.00474394
-0.00473948
-0.00473476
-0.00472979
-0.00472457
-0.00471909
-0.00471336
-0.00470738
-0.00470115
-0.00469467
-0.00468795
-0.00468097
-0.00467375
-0.00466628
-0.00465858
-0.00465062
-0.00464243
-0.004634
-0.00462532
-0.00461641
-0.00460727
-0.00459788
-0.00458827
-0.00457842
-0.00456835
-0.00455804
-0.00454751
-0.00453675
-0.00452576
-0.00451456
-0.00450313
-0.00449148
-0.00447962
-0.00446754
-0.00445525
-0.00444274
-0.00443003
-0.0044171
-0.00440397
-0.00439064
-0.0043771
-0.00436336
-0.00434942
-0.00433529
-0.00432096
-0.00430644
-0.00429172
-0.00427682
-0.00426173
-0.00424646
-0.00423101
-0.00421537
-0.00419956
-0.00418357
-0.00416741
-0.00415108
-0.00413457
-0.0041179
-0.00410107
-0.00408407
-0.00406692
-0.0040496
-0.00403213
-0.00401451
-0.00399674
-0.00397882
-0.00396075
-0.00394254
-0.00392419
-0.0039057
-0.00388707
-0.00386831
-0.00384941
-0.00383039
-0.00381124
-0.00379196
-0.00377257
-0.00375305
-0.00373342
-0.00371367
-0.00369381
-0.00367384
-0.00365376
-0.00363357
-0.00361329
-0.0035929
-0.00357242
-0.00355184
-0.00353116
-0.0035104
-0.00348955
-0.00346861
-0.00344759
-0.00342649
-0.00340531
-0.00338406
-0.00336273
-0.00334133
-0.00331986
-0.00329832
-0.00327672
-0.00325506
-0.00323334
-0.00321156
-0.00318973
-0.00316784
-0.00314591
-0.00312393
-0.0031019
-0.00307983
-0.00305772
-0.00303557
-0.00301338
-0.00299116
-0.00296891
-0.00294663
-0.00292433
-0.00290199
-0.00287964
-0.00285727
-0.00283487
-0.00281246
-0.00279004
-0.00276761
-0.00274516
-0.00272271
-0.00270025
-0.00267779
-0.00265533
-0.00263287
-0.00261042
-0.00258797
-0.00256552
-0.00254309
-0.00252066
-0.00249825
-0.00247585
-0.00245348
-0.00243112
-0.00240878
-0.00238646
-0.00236417
-0.00234191
-0.00231967
-0.00229747
-0.0022753
-0.00225316
-0.00223106
-0.00220899
-0.00218697
-0.00216499
-0.00214305
-0.00212115
-0.0020993
-0.0020775
-0.00205575
-0.00203406
-0.00201241
-0.00199082
-0.00196929
-0.00194781
-0.0019264
-0.00190504
-0.00188375
-0.00186253
-0.00184137
-0.00182028
-0.00179925
-0.0017783
-0.00175742
-0.00173662
-0.00171589
-0.00169523
-0.00167465
-0.00165416
-0.00163374
-0.00161341
-0.00159315
-0.00157299
-0.00155291
-0.00153291
-0.00151301
-0.0014932
-0.00147347
-0.00145384
-0.00143431
-0.00141486
-0.00139552
-0.00137627
-0.00135712
-0.00133807
-0.00131912
-0.00130028
-0.00128153
-0.00126289
-0.00124436
-0.00122593
-0.00120761
-0.0011894
-0.0011713
-0.00115331
-0.00113543
-0.00111766
-0.00110001
-0.00108247
-0.00106505
-0.00104774
-0.00103055
-0.00101348
-0.000996528
-0.000979697
-0.000962987
-0.000946399
-0.000929934
-0.000913592
-0.000897375
-0.000881284
-0.000865318
-0.00084948
-0.000833769
-0.000818187
-0.000802735
-0.000787412
-0.00077222
-0.00075716
-0.000742232
-0.000727438
-0.000712776
-0.00069825
-0.000683858
-0.000669602
-0.000655483
-0.0006415
-0.000627656
-0.00061395
-0.000600382
-0.000586955
-0.000573667
-0.00056052
-0.000547515
-0.000534652
-0.000521931
-0.000509353
-0.000496918
-0.000484628
-0.000472483
-0.000460482
-0.000448628
-0.000436919
-0.000425357
-0.000413943
-0.000402676
-0.000391557
-0.000380586
-0.000369765
-0.000359093
-0.000348571
-0.000338199
-0.000327978
-0.000317908
-0.000307989
-0.000298222
-0.000288608
-0.000279146
-0.000269837
-0.000260682
-0.00025168
-0.000242833
-0.00023414
-0.000225601
-0.000217218
-0.00020899
-0.000200918
-0.000193001
-0.000185241
-0.000177638
-0.000170191
-0.000162902
-0.00015577
-0.000148795
-0.000141979
-0.00013532
-0.00012882
-0.000122479
-0.000116297
-0.000110273
-0.000104409
-9.87045e-05
-9.31596e-05
-8.77747e-05
-8.25498e-05
-7.74852e-05
-7.2581e-05
-6.78375e-05
-6.32547e-05
-5.8833e-05
-5.45723e-05
-5.04728e-05
-4.65348e-05
-4.27583e-05
-3.91434e-05
-3.56904e-05
-3.23992e-05
-2.92701e-05
-2.63031e-05
-2.34983e-05
-2.08558e-05
-1.83757e-05
-1.60581e-05
-1.39031e-05
-1.19108e-05
-1.00811e-05
-8.41426e-06
-6.91023e-06
-5.56907e-06
-4.39085e-06
-3.37559e-06
-2.52333e-06
-1.83411e-06
-1.30793e-06
-9.44832e-07
-7.44814e-07
-7.07886e-07
-8.3405e-07
-1.1233e-06
-1.57563e-06
-2.19102e-06
-2.96945e-06
-3.9109e-06
-5.01533e-06
-6.28271e-06
-7.71299e-06
-9.30612e-06
-1.10621e-05
-1.29807e-05
-1.50621e-05
-1.7306e-05
-1.97125e-05
-2.22815e-05
-2.50128e-05
-2.79063e-05
-3.09621e-05
-3.41799e-05
-3.75596e-05
-4.11012e-05
-4.48045e-05
-4.86694e-05
-5.26958e-05
-5.68834e-05
-6.12323e-05
-6.57421e-05
-7.04129e-05
-7.52443e-05
-8.02362e-05
-8.53886e-05
-9.0701e-05
-9.61735e-05
-0.000101806
-0.000107598
-0.000113549
-0.000119659
-0.000125929
-0.000132357
-0.000138943
-0.000145688
-0.000152591
-0.000159652
-0.00016687
-0.000174246
-0.000181778
-0.000189467
-0.000197313
-0.000205314
-0.000213472
-0.000221785
