0, 8.05825e+16, 0.499485
1, 1.9803e+15, 1.3507
0, 4.39167e+16, 0.575751
0, 4.30103e+16, 0.799464
0, 7.12598e+16, 0.756748
0, 5.14916e+16, 1.55181
1, 1.17349e+16, 0.775798
1, 4.08358e+16, 0.0828375
0, 3.56527e+16, 0.721158
0, 6.15763e+16, 1.13472
1, 4.48875e+16, 0.617198
0, 6.22019e+16, 0.272329
0, 7.70816e+16, 0.707247
1, 1.63194e+16, 0.731753
1, 1.23774e+16, 0.998303
1, 1.66748e+16, 1.0939
0, 4.70362e+16, 1.55452
1, 1.50737e+16, 1.33587
0, 4.69606e+16, 0.830335
1, 3.82907e+15, 0.112721
0, 7.51976e+16, 1.29623
1, 3.99985e+16, 0.631869
1, 9.01363e+16, 0.184208
0, 8.8746e+16, 0.70361
1, 2.20088e+16, 0.967202
1, 2.50172e+16, 0.0598342
1, 3.37211e+16, 1.23862
0, 6.9913e+16, 1.16327
0, 9.80512e+16, 0.135007
1, 3.17797e+16, 0.98861
0, 3.81171e+16, 0.99448
1, 5.83458e+16, 0.833977
0, 8.01942e+16, 0.545645
0, 7.10686e+16, 0.552045
0, 5.2233e+16, 1.43978
0, 8.85532e+16, 0.839121
0, 6.19249e+16, 1.31322
0, 4.86873e+16, 0.423322
0, 7.05501e+16, 0.101063
1, 2.80372e+16, 1.25432
1, 1.46313e+16, 0.642541
1, 3.36404e+16, 0.592789
0, 3.58274e+16, 0.173578
1, 9.7991e+15, 0.179982
0, 6.60165e+16, 1.31218
0, 8.57008e+16, 1.42915
0, 7.95841e+16, 1.30376
0, 5.88262e+16, 1.09328
0, 6.4215e+16, 1.18854
1, 1.34955e+15, 0.763492
1, 2.38102e+16, 1.51179
1, 1.50614e+16, 1.23821
0, 5.38296e+16, 1.5051
0, 7.69576e+16, 0.31223
0, 8.73764e+16, 0.371676
0, 3.8294e+16, 1.26416
0, 4.84577e+16, 0.983194
1, 1.33676e+15, 0.660765
1, 4.43793e+16, 1.32527
1, 5.30449e+16, 0.322737
0, 5.56255e+16, 1.13815
1, 5.47351e+16, 0.776374
1, 3.56615e+16, 0.757615
0, 8.11375e+16, 0.982932
0, 7.44138e+16, 0.102545
1, 1.69024e+16, 0.697798
0, 4.97146e+16, 0.259064
0, 4.04255e+16, 1.19016
0, 6.85309e+16, 0.303985
0, 6.92019e+16, 0.175884
1, 3.0103e+16, 1.09578
0, 9.56317e+16, 0.710291
0, 9.96822e+16, 1.28337
1, 4.01083e+15, 0.802497
1, 4.6922e+16, 0.563851
1, 2.16741e+16, 0.77797
1, 2.72901e+16, 0.912386
0, 6.69975e+16, 0.845357
0, 6.37531e+16, 0.765733
0, 9.58969e+16, 0.849708
1, 2.88204e+16, 0.51628
1, 5.88986e+16, 0.370444
1, 1.08696e+15, 1.02105
0, 5.66579e+16, 1.06273
1, 6.92715e+16, 0.958801
1, 5.50858e+15, 0.645472
1, 3.31222e+16, 0.255334
0, 5.85773e+16, 1.183
0, 3.61016e+16, 0.18226
1, 1.34941e+16, 0.705183
1, 1.80101e+16, 0.059719
0, 6.80937e+16, 0.843945
1, 2.01998e+16, 0.0607921
0, 7.11333e+16, 1.33581
0, 7.76158e+16, 1.29779
0, 9.21099e+16, 0.814416
0, 7.64164e+16, 0.034037
0, 9.6695e+16, 0.216571
0, 6.49937e+16, 1.23623
0, 8.8128e+16, 0.797531
0, 7.38154e+16, 1.11615
1, 3.8397e+15, 0.0989309
1, 1.96441e+16, 1.17045
1, 4.80426e+16, 0.0928327
1, 3.50724e+16, 0.0373248
1, 9.57001e+16, 0.342182
1, 1.86238e+16, 0.436081
1, 6.15629e+15, 0.943799
0, 7.26189e+16, 1.02309
1, 6.76725e+15, 1.34551
1, 9.73923e+15, 0.258929
0, 6.81124e+16, 0.697394
0, 7.39702e+16, 0.635782
1, 3.40496e+16, 0.967094
1, 2.00675e+16, 0.908714
0, 5.467e+16, 0.640863
1, 1.93833e+16, 0.343277
0, 3.25742e+16, 1.54773
0, 5.04564e+16, 0.218568
0, 7.19451e+16, 1.14767
0, 4.6854e+16, 1.38981
0, 7.32215e+16, 0.145474
0, 9.60654e+16, 1.2031
0, 9.54359e+16, 1.11879
0, 6.17736e+16, 0.886614
0, 6.87045e+16, 1.00735
0, 7.13126e+16, 0.965735
0, 9.2535e+16, 1.25994
0, 6.46587e+16, 1.20091
1, 2.83886e+16, 1.20712
1, 6.32047e+16, 0.201795
1, 1.96863e+16, 0.0813869
1, 2.3302e+16, 0.140006
0, 5.9149e+16, 0.356845
0, 6.1416e+16, 1.18396
0, 5.62063e+16, 1.25671
0, 7.8787e+16, 1.2223
1, 2.34827e+16, 1.4413
0, 7.12997e+16, 1.28509
1, 3.8073e+16, 0.389987
0, 7.76642e+16, 1.10668
1, 1.37355e+16, 0.560395
1, 9.31277e+15, 0.000694383
1, 3.06917e+15, 0.710207
0, 8.29808e+16, 0.288746
1, 2.52583e+15, 0.0830236
0, 6.3056e+16, 1.02137
0, 7.85393e+16, 1.08008
1, 4.49654e+16, 0.603151
0, 8.27225e+16, 1.32154
1, 2.62629e+16, 0.928376
0, 7.6733e+16, 0.528108
1, 2.47108e+16, 1.05694
0, 8.86374e+16, 0.960682
1, 2.47525e+16, 0.918901
1, 8.94916e+15, 0.364942
1, 1.52097e+15, 0.822199
0, 9.22454e+16, 0.75076
1, 2.82333e+15, 1.1611
0, 9.50556e+16, 1.18147
0, 4.58781e+16, 0.902462
0, 5.684e+16, 0.702248
0, 6.36914e+16, 1.41067
0, 3.21693e+16, 1.30333
1, 2.55796e+16, 0.577566
0, 6.15974e+16, 0.745123
0, 8.00792e+16, 1.43539
0, 4.82467e+16, 0.991375
1, 3.39037e+16, 0.354447
0, 9.31136e+16, 1.1221
1, 1.15547e+16, 0.0493717
0, 6.33681e+16, 1.48319
1, 4.57602e+16, 0.527574
0, 8.63731e+16, 0.743553
0, 6.9044e+16, 1.26908
1, 1.27675e+16, 1.49543
0, 6.19282e+16, 0.0733715
1, 4.83584e+15, 1.27498
1, 4.09728e+16, 1.15281
0, 4.64565e+16, 0.226001
1, 1.59183e+16, 1.00539
0, 4.84853e+16, 1.04391
0, 5.94584e+16, 0.548632
0, 7.61832e+16, 0.714501
1, 2.95101e+16, 0.546962
1, 2.39887e+16, 0.789369
0, 9.76203e+16, 0.511205
0, 4.61702e+16, 1.17466
0, 5.4614e+16, 1.17805
1, 8.58865e+16, 1.4432
1, 3.72778e+15, 0.504771
1, 1.60738e+16, 0.436776
1, 3.89154e+15, 0.939135
1, 5.02327e+16, 0.314258
1, 2.50347e+16, 0.385669
0, 4.53544e+16, 1.26252
1, 4.61689e+16, 0.0760351
0, 9.84327e+16, 0.580536
0, 5.03319e+16, 0.72537
1, 2.18283e+16, 0.221205
0, 6.03247e+16, 1.5062
0, 6.05038e+16, 0.380587
0, 8.54637e+16, 1.25439
1, 2.6539e+16, 1.55656
0, 7.85673e+16, 0.0489136
0, 6.99687e+16, 1.03798
1, 2.59259e+16, 0.791366
0, 5.63746e+16, 0.147073
1, 2.75882e+15, 0.293072
1, 2.90685e+15, 0.199053
0, 5.75529e+16, 0.146399
0, 6.20929e+16, 0.816241
1, 4.5212e+16, 1.48222
0, 9.75292e+16, 1.26476
0, 6.38421e+16, 0.208174
1, 1.0677e+16, 0.961272
1, 9.50056e+16, 0.124526
0, 3.23956e+16, 1.48855
0, 4.04588e+16, 1.22436
1, 1.51882e+16, 1.41124
0, 8.60597e+16, 0.265866
0, 8.62711e+16, 1.27332
1, 2.89975e+15, 0.392924
1, 1.11208e+16, 0.900927
0, 8.86607e+16, 1.06275
1, 2.90376e+16, 1.41326
0, 6.27234e+16, 0.604358
0, 8.00658e+16, 1.52605
1, 2.89518e+16, 1.56477
1, 2.74317e+16, 1.20457
1, 5.1356e+16, 0.0813934
0, 7.86916e+16, 1.24081
1, 1.0641e+16, 1.07413
1, 1.40742e+16, 0.565485
0, 8.72829e+16, 0.142177
0, 4.22872e+16, 0.65504
0, 5.77793e+16, 1.14807
0, 8.55882e+16, 0.896134
0, 8.46206e+16, 1.54911
1, 1.10851e+16, 0.0171538
0, 6.59644e+16, 1.45124
1, 5.54586e+16, 1.07463
1, 2.75695e+16, 0.327826
1, 7.85723e+15, 1.50589
0, 2.71076e+16, 1.54291
1, 1.13493e+16, 0.301771
1, 2.25614e+16, 0.866706
0, 9.0996e+16, 0.69272
0, 9.73292e+16, 0.676357
1, 9.43418e+16, 1.25354
1, 5.33373e+16, 0.06854
1, 8.88673e+15, 0.585482
1, 6.72078e+15, 0.347565
0, 8.52349e+16, 1.25275
1, 5.1398e+15, 1.31467
1, 2.01269e+16, 0.884096
0, 7.2148e+16, 1.2166
0, 9.76414e+16, 0.895868
1, 4.60107e+16, 0.92027
0, 8.68588e+16, 0.516173
0, 5.22822e+16, 1.55952
1, 3.01904e+16, 1.55998
0, 5.64617e+16, 0.249371
1, 1.55411e+16, 0.0174347
0, 3.47439e+16, 0.398802
0, 4.76212e+16, 0.829117
1, 1.5671e+16, 1.0887
0, 4.77426e+16, 0.538731
1, 5.75553e+15, 0.593103
0, 7.08016e+16, 0.644405
0, 4.84477e+16, 0.889221
0, 4.6954e+16, 0.526581
0, 8.62023e+16, 0.325268
1, 1.18894e+16, 0.964585
1, 2.71189e+16, 0.50308
1, 1.15623e+16, 1.13803
0, 6.31747e+16, 0.999941
0, 6.28874e+16, 0.556523
0, 8.26357e+16, 1.10439
1, 8.087e+16, 0.50377
0, 4.89196e+16, 0.423136
1, 4.44515e+16, 1.23117
1, 3.6389e+16, 0.492862
0, 9.17829e+16, 1.06907
1, 6.73996e+15, 0.584625
1, 2.21998e+16, 1.09068
1, 9.66719e+15, 0.0710186
1, 2.51743e+16, 0.705828
0, 8.66987e+16, 1.39719
1, 6.01998e+16, 0.354149
1, 2.65017e+16, 1.09202
1, 3.97304e+16, 1.35674
1, 1.90838e+16, 0.980716
0, 9.70043e+16, 0.885898
0, 9.25955e+16, 0.413397
0, 8.0833e+16, 1.03348
0, 8.99753e+16, 1.11273
1, 1.96457e+16, 0.991561
1, 4.89133e+15, 1.55865
1, 7.28911e+16, 0.12837
1, 2.41215e+16, 1.12197
0, 6.78056e+16, 0.566114
1, 3.03962e+16, 0.119058
0, 9.76678e+16, 1.3392
1, 5.85043e+16, 0.262666
0, 5.2021e+16, 1.04169
0, 5.35226e+16, 0.865434
1, 1.10551e+16, 0.614742
1, 3.46645e+16, 0.232865
0, 6.82608e+16, 1.47165
0, 3.57706e+16, 0.285718
0, 6.09486e+16, 0.930206
0, 4.7763e+16, 0.211127
1, 2.43074e+16, 0.0387848
1, 4.27685e+16, 0.856019
0, 7.14287e+16, 1.24999
1, 1.41369e+16, 1.08053
1, 1.71775e+16, 1.50217
1, 8.72514e+15, 0.495464
0, 9.53446e+16, 0.0282624
0, 7.64895e+16, 1.02825
0, 4.51464e+16, 1.42525
0, 5.42843e+16, 0.340828
0, 5.53074e+16, 1.38668
0, 6.3822e+16, 0.272632
1, 1.32391e+16, 0.435673
0, 9.99654e+16, 1.4977
0, 7.87384e+16, 0.689036
0, 9.30613e+16, 0.4488
1, 2.24092e+15, 0.274455
0, 9.44957e+16, 1.31445
0, 7.97793e+16, 1.54518
0, 7.06207e+16, 0.800916
0, 4.86818e+16, 0.866508
0, 7.3678e+16, 1.25621
0, 8.08521e+16, 1.33286
1, 6.36548e+16, 0.0226386
0, 9.67722e+16, 0.303321
0, 4.6094e+16, 1.4245
0, 5.96499e+16, 1.04744
1, 4.18771e+16, 0.312209
0, 4.21944e+16, 0.336995
1, 6.79221e+15, 1.41259
1, 2.33933e+16, 1.46713
0, 9.52533e+16, 0.468455
1, 5.96919e+16, 0.118355
0, 8.35179e+16, 0.0415707
1, 8.28687e+15, 1.21513
1, 1.04713e+16, 0.434462
1, 3.13742e+16, 1.00121
0, 8.75294e+16, 0.145114
0, 6.0138e+16, 1.00361
1, 6.48879e+16, 0.18365
0, 4.32534e+16, 1.05115
0, 9.44463e+16, 1.48154
0, 9.25537e+16, 0.856777
0, 5.19897e+16, 0.20888
0, 4.56417e+16, 0.194949
1, 1.8518e+16, 0.453527
0, 7.904e+16, 0.0308025
1, 6.97245e+16, 1.03609
0, 7.3406e+16, 0.561061
1, 1.32412e+16, 0.888465
0, 8.99226e+16, 0.730882
0, 6.80705e+16, 0.119968
1, 1.52721e+16, 1.21126
0, 3.73883e+16, 0.906515
1, 1.20966e+16, 1.34455
1, 1.08566e+16, 0.867045
0, 3.91151e+16, 0.749118
0, 6.15994e+16, 1.18478
1, 3.93305e+16, 0.169316
1, 3.27671e+16, 0.718627
1, 5.90793e+16, 0.805879
0, 5.34841e+16, 1.34025
1, 1.07562e+16, 1.53816
0, 9.84948e+16, 1.38423
0, 4.23405e+16, 0.709558
1, 6.66675e+16, 0.986175
0, 5.49381e+16, 0.1013
0, 8.20754e+16, 0.712495
0, 7.62837e+16, 1.14959
0, 3.86032e+16, 0.667557
1, 5.75635e+16, 0.173794
0, 4.10031e+16, 0.795452
0, 8.14786e+16, 0.0606156
1, 2.12152e+16, 1.00294
1, 3.50274e+16, 0.0474439
0, 4.89157e+16, 1.32028
1, 2.43765e+16, 0.946907
0, 3.60374e+16, 0.291747
0, 6.16707e+16, 0.960597
1, 3.49604e+16, 0.346668
0, 9.43849e+16, 0.16129
1, 3.79498e+16, 0.837326
1, 2.86861e+16, 0.83535
0, 5.14434e+16, 0.654945
1, 3.69725e+15, 0.398095
0, 4.40227e+16, 0.569668
0, 7.153e+16, 0.846618
0, 9.61255e+16, 0.928369
0, 3.89354e+16, 0.657168
0, 6.41935e+16, 0.209027
1, 1.17472e+16, 0.146263
1, 4.71638e+16, 0.859598
0, 9.81063e+16, 0.369378
0, 9.79641e+16, 0.214342
0, 6.94983e+16, 0.900731
1, 3.87074e+15, 0.263891
0, 7.01257e+16, 1.53615
1, 3.96559e+16, 0.352934
1, 3.42963e+16, 0.415535
0, 5.36972e+16, 0.113361
0, 3.55048e+16, 1.00266
0, 7.93762e+16, 0.853447
1, 2.89127e+16, 0.374948
1, 3.63527e+16, 0.591945
1, 5.85242e+16, 1.00354
0, 7.57164e+16, 1.3143
0, 8.1333e+16, 0.073265
0, 7.88952e+16, 0.624357
0, 3.59484e+16, 0.914873
1, 2.77297e+16, 1.0504
0, 7.87869e+16, 1.47493
0, 5.36362e+16, 0.693045
1, 1.82406e+16, 0.997209
0, 3.54107e+16, 1.35664
1, 2.27595e+16, 1.46702
0, 7.97677e+16, 0.812627
1, 1.60167e+16, 0.755145
1, 9.93317e+16, 0.365655
0, 6.09811e+16, 0.314881
0, 7.38267e+16, 0.573143
0, 6.06657e+16, 1.51116
0, 9.33352e+16, 0.19899
0, 4.03736e+16, 0.423946
1, 3.79204e+16, 0.447512
0, 8.79143e+16, 0.227248
1, 1.69894e+16, 0.546142
1, 4.22194e+16, 0.348151
0, 9.21581e+16, 1.06023
1, 9.69361e+15, 0.858222
1, 5.19491e+16, 0.829192
1, 5.95575e+16, 0.365633
1, 3.50596e+16, 0.76813
0, 7.10384e+16, 1.23908
1, 1.38572e+16, 0.150044
0, 9.69582e+16, 1.012
1, 5.94409e+16, 1.38692
0, 5.84434e+16, 0.411199
0, 4.73076e+16, 0.0577862
1, 4.26385e+16, 0.493548
0, 7.99846e+16, 0.631394
0, 6.04306e+16, 1.26768
1, 2.83907e+16, 1.16813
1, 8.25111e+16, 0.251389
1, 2.77672e+16, 0.315967
1, 4.00799e+16, 0.959403
1, 2.21364e+16, 0.895605
1, 5.13147e+16, 0.364684
1, 2.70169e+16, 0.79907
0, 4.79416e+16, 0.162863
0, 4.77797e+16, 0.351718
0, 7.33817e+16, 0.736297
0, 6.56187e+16, 1.08319
0, 5.24053e+16, 0.644993
1, 6.95222e+16, 0.581182
0, 9.05237e+16, 0.510335
0, 5.52162e+16, 0.906671
0, 6.90174e+16, 0.84881
0, 3.01764e+16, 0.727052
0, 5.4394e+16, 1.47099
1, 1.79276e+16, 0.979893
1, 1.24913e+16, 1.34307
0, 9.4495e+16, 1.33155
1, 3.50313e+16, 1.0432
1, 1.79294e+16, 0.451746
1, 2.91492e+15, 1.51285
1, 1.72422e+16, 1.39151
1, 1.41412e+16, 0.545348
1, 1.43182e+16, 1.12984
0, 7.04511e+16, 0.721947
1, 8.92145e+16, 0.161077
0, 8.81042e+16, 1.36398
0, 6.1276e+16, 0.0395895
0, 7.37766e+16, 0.093133
0, 8.40026e+16, 1.55103
0, 6.99666e+16, 0.638696
0, 8.04237e+16, 1.06675
1, 4.55206e+16, 1.37505
0, 5.08922e+16, 0.647964
0, 5.96542e+16, 0.341692
1, 6.86175e+15, 0.277081
0, 8.23192e+16, 1.07028
0, 7.66958e+16, 1.26811
1, 4.71387e+16, 0.268179
1, 1.92374e+16, 0.678322
1, 2.29445e+16, 1.15352
0, 4.24416e+16, 1.37134
1, 3.98048e+16, 1.50857
0, 4.04116e+16, 0.295043
0, 8.38822e+16, 0.216405
1, 2.10678e+16, 1.35188
1, 6.75175e+15, 0.857757
1, 4.09932e+16, 0.709854
1, 3.83535e+16, 0.0751452
0, 7.207e+16, 0.336201
1, 2.08679e+16, 1.56353
1, 1.32188e+16, 0.610491
0, 6.82031e+16, 0.602249
0, 9.21875e+16, 0.567425
1, 2.49371e+16, 1.48076
0, 8.45276e+16, 1.26045
0, 5.76435e+16, 1.54039
0, 6.19522e+16, 0.803391
1, 5.12223e+16, 1.292
0, 9.47987e+16, 1.08959
1, 5.13594e+16, 0.591491
1, 8.05151e+15, 0.928384
0, 5.92255e+16, 0.756648
0, 5.52423e+16, 0.2421
1, 7.89989e+16, 0.283617
1, 1.44613e+16, 0.343712
0, 7.46965e+16, 1.37
0, 4.61017e+16, 0.601917
1, 4.34232e+15, 0.631458
0, 9.25863e+16, 1.51833
0, 6.24148e+16, 0.321634
0, 4.73441e+16, 1.17804
1, 3.55012e+16, 0.805507
1, 6.72542e+15, 1.49267
0, 9.00993e+16, 0.11701
0, 3.03758e+16, 1.42923
0, 5.39529e+16, 1.51797
0, 4.95366e+16, 0.275536
1, 2.36963e+16, 1.11607
1, 3.68031e+16, 0.603183
0, 7.57555e+16, 0.901495
1, 4.2202e+16, 0.91897
0, 9.48061e+16, 0.793434
1, 8.01064e+16, 1.08297
1, 2.45012e+16, 1.0748
1, 3.73893e+16, 0.439923
1, 1.51433e+15, 1.09148
1, 2.61935e+16, 0.985974
0, 8.53825e+16, 0.366793
0, 5.01033e+16, 0.588113
0, 4.71222e+16, 1.02039
0, 7.2149e+16, 1.15965
1, 1.41946e+15, 1.02429
1, 1.95983e+16, 1.03941
0, 9.68408e+16, 1.52476
1, 1.90827e+16, 0.0697707
1, 9.77951e+16, 0.366392
1, 1.30127e+16, 0.199159
1, 1.19701e+16, 0.0803472
0, 6.50845e+16, 1.50095
1, 1.70318e+16, 0.41596
0, 8.20129e+16, 0.872604
1, 1.80927e+16, 0.91718
0, 7.71236e+16, 1.07493
0, 3.23813e+16, 0.667675
1, 7.65996e+16, 0.0318635
1, 1.95833e+16, 1.38017
0, 5.19965e+16, 0.152601
1, 9.62973e+16, 0.428826
1, 6.90219e+16, 0.32823
0, 9.57648e+16, 1.04713
1, 1.61777e+16, 1.5668
0, 5.52352e+16, 1.27133
0, 5.48597e+16, 1.42922
0, 8.60935e+16, 0.466894
1, 2.13079e+16, 0.185238
0, 9.52712e+16, 0.306466
0, 5.34628e+16, 1.42146
0, 4.54308e+16, 1.12676
0, 8.17238e+16, 1.50963
0, 6.71959e+16, 0.987141
1, 3.93659e+16, 0.487047
1, 4.11318e+16, 0.177719
0, 5.84925e+16, 0.346529
0, 4.85535e+16, 0.950295
0, 9.37042e+16, 1.09023
1, 6.97014e+16, 0.70796
1, 5.63913e+16, 1.37825
1, 2.45547e+16, 0.373805
1, 4.27225e+16, 0.701559
0, 9.25132e+16, 1.34025
0, 3.22156e+16, 1.46777
0, 8.06091e+16, 1.45418
0, 4.30288e+16, 1.10946
1, 3.16122e+16, 0.475087
0, 8.53e+16, 0.981106
0, 8.81973e+16, 0.394964
0, 8.35732e+16, 1.51639
1, 2.04265e+16, 0.392395
0, 8.71111e+16, 1.05653
0, 8.70046e+16, 0.74279
1, 2.95745e+16, 0.591318
0, 8.83253e+16, 0.052938
0, 9.20741e+16, 0.435936
1, 5.69142e+15, 0.767423
1, 1.41737e+16, 0.337303
0, 9.80279e+16, 1.30296
0, 9.3637e+16, 0.81629
1, 8.26355e+15, 1.38439
1, 2.6485e+16, 0.928561
1, 3.20626e+16, 0.41166
1, 3.02554e+16, 0.999013
1, 5.73368e+15, 0.981016
0, 8.48417e+16, 0.533101
1, 2.59613e+16, 1.20501
1, 2.29702e+16, 0.809797
1, 1.13187e+16, 0.57681
0, 8.61618e+16, 0.800308
0, 5.07682e+16, 1.5611
0, 9.30919e+16, 1.47969
0, 7.08903e+16, 1.37148
0, 6.49876e+16, 0.759829
0, 8.817e+16, 0.421685
1, 2.20703e+16, 1.5553
1, 1.66813e+16, 0.234622
1, 7.6417e+15, 1.48554
1, 8.00379e+16, 0.0752571
0, 6.64083e+16, 1.43628
0, 6.55968e+16, 0.883155
1, 2.77303e+16, 0.829758
0, 8.49085e+16, 1.1569
0, 9.21577e+16, 1.06857
1, 2.74921e+16, 0.0450017
0, 9.58809e+16, 0.762868
0, 5.02772e+16, 0.607122
0, 8.7124e+16, 1.32767
0, 5.74019e+16, 0.594054
0, 8.64723e+16, 0.258888
0, 6.7435e+16, 1.13301
1, 5.25242e+16, 0.166668
0, 5.43815e+16, 0.271945
0, 9.40187e+16, 0.156894
0, 4.39501e+16, 1.31253
0, 4.57356e+16, 0.85069
0, 6.05097e+16, 0.043124
1, 4.01509e+15, 1.47801
1, 2.45725e+16, 1.52311
1, 8.42472e+16, 1.56525
1, 3.61516e+16, 0.764473
0, 7.07504e+16, 0.936493
0, 6.23716e+16, 0.903568
0, 8.22192e+16, 0.590038
0, 9.85755e+16, 1.563
0, 9.96315e+16, 0.666312
1, 1.39001e+16, 0.943315
0, 6.47472e+16, 0.917651
1, 3.12141e+16, 0.809609
0, 7.98632e+16, 1.33318
1, 2.87521e+16, 0.241171
0, 6.84273e+16, 1.22273
1, 1.43875e+16, 0.348074
1, 5.38858e+15, 0.257385
1, 2.8386e+16, 0.972081
0, 7.6816e+16, 1.20793
1, 9.23657e+15, 0.00763763
0, 8.92335e+16, 1.05272
0, 3.06246e+16, 1.44625
0, 9.65426e+16, 0.336712
1, 5.47232e+15, 1.32106
1, 3.28055e+16, 1.45009
0, 8.54067e+16, 0.735436
0, 7.58864e+16, 1.00474
0, 8.83251e+16, 1.0762
1, 1.42289e+16, 1.56357
1, 7.00478e+16, 0.529011
1, 2.10716e+16, 1.49238
0, 9.62056e+16, 0.794902
0, 7.69339e+16, 0.144804
1, 6.33148e+15, 1.49934
1, 1.21154e+16, 1.16913
1, 8.61475e+16, 0.148769
0, 7.29077e+16, 0.750232
1, 2.03197e+16, 0.0886198
1, 3.0571e+16, 0.863451
1, 2.20688e+16, 1.52932
0, 6.926e+16, 0.840593
0, 5.56989e+16, 1.48049
0, 7.94864e+16, 0.316567
1, 4.04721e+16, 0.350717
0, 9.5748e+16, 1.34394
0, 6.41866e+16, 0.97827
1, 3.60452e+16, 0.389482
1, 4.04022e+16, 0.392599
0, 5.03387e+16, 0.469102
0, 5.02661e+16, 1.2001
1, 4.71374e+16, 0.350888
0, 9.37678e+16, 0.702748
0, 8.13886e+16, 0.891257
0, 8.64938e+16, 0.0234166
0, 8.26339e+16, 0.89961
1, 9.9164e+15, 0.414164
0, 7.42803e+16, 0.498425
0, 6.63256e+16, 0.304383
1, 8.01001e+16, 0.318668
1, 1.9427e+16, 0.349869
1, 3.64097e+16, 0.387955
1, 1.20404e+16, 0.979327
1, 2.48487e+16, 0.772804
0, 6.90265e+16, 1.16209
0, 3.90835e+16, 0.427638
0, 8.96906e+16, 1.11067
1, 8.02969e+15, 1.10817
0, 6.47902e+16, 0.240012
1, 5.29508e+15, 0.599371
1, 2.75227e+16, 0.200024
1, 2.40782e+16, 1.43873
1, 3.17438e+16, 0.759647
0, 3.60791e+16, 0.420058
0, 4.18859e+16, 1.48378
1, 1.99004e+15, 0.224151
1, 1.63955e+16, 0.03715
0, 4.1565e+16, 1.53719
1, 1.66633e+16, 1.0881
0, 9.38821e+16, 1.44428
0, 4.63521e+16, 1.14886
0, 4.09621e+16, 1.3653
0, 5.81305e+16, 0.200485
1, 3.0719e+16, 0.294392
0, 4.8616e+16, 0.684277
0, 7.6417e+16, 0.825105
1, 2.59513e+16, 0.545157
1, 2.72752e+16, 0.0828313
1, 3.66157e+15, 1.38269
1, 1.38072e+16, 0.997164
1, 2.04916e+16, 0.332319
0, 6.58923e+16, 0.209802
1, 3.57984e+16, 1.03618
1, 4.20228e+16, 0.286385
0, 8.92622e+16, 0.945146
1, 4.23354e+16, 0.812111
1, 1.14731e+16, 0.584611
1, 3.15203e+16, 0.0629076
1, 3.3238e+16, 0.631393
1, 3.60096e+15, 0.14006
1, 2.57407e+16, 0.703212
0, 6.52638e+16, 1.02536
0, 6.84434e+16, 0.33405
1, 4.08954e+16, 0.0214315
1, 5.60133e+15, 0.800157
0, 3.84475e+16, 0.105194
1, 2.47177e+16, 0.102929
1, 3.50076e+16, 1.33499
1, 2.36437e+16, 0.745025
1, 2.7046e+16, 0.27501
1, 1.487e+16, 0.138475
0, 9.49312e+16, 0.755263
0, 8.56398e+16, 0.895639
0, 8.55839e+16, 1.21884
0, 6.18287e+16, 0.569162
1, 5.44281e+16, 0.262016
0, 5.0691e+16, 0.691095
1, 3.02779e+16, 0.0397379
1, 1.50756e+16, 0.488604
1, 4.66004e+16, 0.566777
1, 2.61196e+16, 1.07558
0, 8.64751e+16, 0.765646
1, 3.20144e+16, 0.788856
1, 1.31546e+16, 1.28593
0, 6.1235e+16, 0.18546
0, 9.52916e+16, 0.929787
0, 6.439e+16, 1.50191
1, 2.04646e+16, 0.297016
0, 4.09872e+16, 0.912853
0, 5.32813e+16, 0.176446
0, 5.24883e+16, 0.331699
0, 3.29537e+16, 0.509745
1, 5.71329e+16, 0.175603
1, 1.38548e+16, 0.744342
0, 9.86093e+16, 1.06049
1, 1.1131e+16, 1.09846
1, 2.31324e+16, 1.14718
0, 4.50838e+16, 0.795674
1, 6.40681e+16, 0.618202
1, 2.18167e+16, 1.28647
1, 4.3672e+15, 0.895895
1, 1.16354e+16, 0.245853
1, 1.50363e+16, 0.309421
0, 6.38371e+16, 0.502389
0, 4.67963e+16, 1.21639
1, 2.12239e+16, 0.870445
1, 2.14823e+16, 1.06239
1, 2.65286e+16, 0.519414
0, 4.53902e+16, 0.621968
1, 1.62521e+15, 0.551664
0, 5.22418e+16, 1.13276
0, 8.20509e+16, 0.434369
0, 6.27253e+16, 0.848686
1, 2.14693e+15, 1.16544
0, 5.07694e+16, 0.877904
1, 5.52997e+15, 0.432558
1, 3.75684e+16, 1.00236
0, 9.05828e+16, 1.13578
0, 9.14421e+16, 0.432546
1, 1.41581e+16, 0.221931
0, 9.37468e+16, 0.395166
1, 1.34258e+16, 1.08198
0, 5.67093e+16, 1.06719
1, 5.87022e+16, 0.00380008
0, 8.19457e+16, 0.537108
0, 9.56121e+16, 0.336491
0, 8.20713e+16, 0.759486
0, 7.48152e+16, 0.728256
0, 9.59396e+16, 0.509193
1, 7.23112e+15, 0.408667
0, 5.42773e+16, 0.193813
0, 8.79538e+16, 0.209286
1, 9.83328e+15, 0.348645
0, 7.79407e+16, 0.701703
0, 8.20935e+16, 1.18882
0, 5.78793e+16, 1.1115
0, 8.78339e+16, 0.392588
1, 4.68381e+16, 1.51962
0, 5.98083e+16, 0.236733
1, 2.60532e+16, 1.29915
0, 3.33741e+16, 0.915919
0, 8.9216e+16, 0.256024
1, 2.45159e+16, 0.8111
1, 2.48051e+16, 1.087
0, 5.43354e+16, 0.102991
0, 9.71087e+16, 0.382928
1, 8.41901e+16, 0.231466
1, 8.42716e+15, 1.2731
1, 2.68039e+16, 0.27606
0, 7.58023e+16, 0.254576
0, 8.63652e+16, 0.0344676
0, 5.02284e+16, 0.568375
0, 8.591e+16, 0.614988
1, 6.18212e+16, 0.386953
1, 2.00033e+16, 0.853871
0, 8.36796e+16, 0.197268
0, 7.97463e+16, 0.153573
1, 1.17655e+16, 0.367671
0, 8.31765e+16, 0.571233
0, 5.58219e+16, 1.23085
1, 1.0436e+16, 0.757219
1, 1.23623e+16, 0.389729
1, 1.27885e+16, 0.921281
1, 1.42514e+16, 1.36698
1, 5.36604e+16, 0.354609
0, 7.98179e+16, 0.0616871
1, 1.43307e+16, 1.22855
0, 8.38312e+16, 0.0641964
0, 7.52871e+16, 1.3349
0, 6.38468e+16, 0.692091
1, 2.16487e+16, 1.15045
1, 3.72293e+15, 0.744204
0, 4.33979e+16, 0.795945
0, 4.63789e+16, 0.286591
0, 7.67311e+16, 0.813298
0, 9.0501e+16, 1.10108
0, 6.75779e+16, 0.718386
1, 2.99204e+16, 1.18911
1, 2.92634e+15, 1.16768
1, 6.32734e+16, 1.21659
0, 8.09347e+16, 0.357554
0, 5.31681e+16, 1.44557
0, 7.20829e+16, 0.941737
1, 3.41731e+16, 0.391339
0, 3.212e+16, 0.268719
0, 6.4298e+16, 1.53021
0, 9.91579e+16, 0.540454
0, 3.59209e+16, 0.854332
1, 3.74325e+16, 0.807096
0, 3.68063e+16, 0.888417
0, 9.33165e+16, 1.05181
0, 6.19021e+16, 0.609367
1, 2.31215e+16, 0.314828
1, 3.79489e+15, 0.294893
1, 4.55027e+15, 1.17253
0, 7.49892e+16, 1.12152
1, 1.62774e+16, 0.107001
0, 7.43671e+16, 0.298605
1, 9.81767e+16, 1.51454
0, 8.53788e+16, 0.416898
1, 2.31636e+16, 1.37627
1, 1.52242e+16, 0.306508
1, 4.30708e+16, 0.871074
1, 1.10609e+16, 1.35032
1, 2.32034e+16, 1.50082
0, 4.88718e+16, 1.53876
1, 1.98444e+16, 0.619093
0, 6.52485e+16, 1.47762
0, 9.89128e+16, 0.168082
0, 4.15022e+16, 0.89431
1, 3.11926e+16, 0.0212233
0, 5.02111e+16, 0.884951
1, 5.46554e+16, 0.322196
1, 7.56308e+16, 0.401003
1, 1.15278e+16, 1.14971
0, 6.43968e+16, 0.916217
0, 7.28062e+16, 1.29864
0, 4.10359e+16, 0.68645
1, 1.45889e+16, 1.54922
0, 6.23374e+16, 0.564015
1, 8.78055e+15, 0.775941
0, 5.57322e+16, 1.35589
0, 6.52339e+16, 0.738752
1, 2.56958e+16, 0.608955
0, 7.45304e+16, 1.00265
1, 2.9695e+16, 1.25527
1, 2.29257e+16, 1.42358
0, 8.87772e+16, 0.40217
0, 8.34674e+16, 1.13099
0, 9.29979e+16, 0.627724
1, 5.9739e+15, 1.53922
1, 8.87309e+15, 0.444269
0, 9.12447e+16, 1.09536
0, 6.44652e+16, 0.881982
1, 2.0826e+16, 0.445965
0, 6.3625e+16, 1.50784
0, 4.69979e+16, 0.256341
1, 1.30711e+16, 1.27462
1, 6.45278e+16, 0.145949
0, 6.78443e+16, 0.270807
0, 3.84542e+16, 1.3218
0, 3.7658e+16, 1.32608
0, 6.64285e+16, 0.0353056
0, 9.50532e+16, 1.06071
0, 6.74086e+16, 1.35729
0, 8.44878e+16, 0.00560829
1, 4.98376e+16, 1.16284
0, 9.35757e+16, 0.753051
1, 6.6047e+16, 0.323444
0, 9.62584e+16, 0.397344
0, 4.06776e+16, 0.379569
1, 1.3651e+16, 0.57462
0, 7.70162e+16, 0.311622
0, 5.05899e+16, 0.60604
0, 4.54567e+16, 0.60498
1, 5.66376e+15, 1.06365
1, 2.99625e+16, 0.143285
0, 6.49871e+16, 0.561311
0, 6.20482e+16, 1.40324
1, 1.30131e+16, 0.496327
0, 6.64834e+16, 0.783599
1, 4.11101e+16, 0.968522
1, 2.1308e+16, 0.868199
1, 2.88747e+16, 0.680812
0, 6.41076e+16, 0.716068
1, 1.84218e+16, 0.0733028
1, 3.0288e+16, 0.950023
0, 4.26214e+16, 1.17794
0, 6.2969e+16, 1.21374
0, 3.14064e+16, 1.47093
0, 9.62752e+16, 1.24729
0, 8.12862e+16, 1.00982
0, 7.78312e+16, 0.407543
1, 3.28075e+16, 0.704205
0, 8.81139e+16, 1.19048
1, 1.20788e+16, 0.439945
1, 4.74107e+16, 1.46576
0, 9.07323e+16, 1.42308
0, 4.92102e+16, 1.178
0, 6.41123e+16, 1.42504
1, 2.4314e+16, 0.143111
0, 5.70625e+16, 1.30399
1, 4.7803e+16, 0.308757
0, 4.20664e+16, 1.22696
1, 3.03407e+16, 0.20828
0, 3.3505e+16, 1.42075
0, 5.36791e+16, 0.871073
0, 6.74337e+16, 1.07912
0, 5.77592e+16, 1.27285
1, 8.47367e+16, 1.41735
0, 9.0098e+16, 1.01957
0, 5.26282e+16, 1.15805
1, 8.41606e+15, 1.40977
1, 2.25769e+16, 0.402812
1, 7.38218e+16, 1.51711
0, 8.17819e+16, 1.32949
0, 9.94901e+16, 1.1178
1, 9.01047e+15, 0.952038
0, 5.06997e+16, 1.20958
1, 5.2219e+16, 0.294955
1, 1.34283e+16, 0.536964
1, 6.05109e+16, 0.144294
0, 9.13568e+16, 0.618084
0, 7.90295e+16, 0.898858
0, 9.26734e+16, 0.0088619
0, 6.91125e+16, 0.706092
0, 4.93241e+16, 1.31264
1, 1.77194e+16, 0.415601
1, 2.41505e+16, 1.14251
1, 1.70186e+16, 0.14413
0, 3.16238e+16, 1.30663
1, 2.23359e+16, 0.39573
0, 7.598e+16, 1.41463
1, 3.74267e+16, 0.0129236
1, 4.31007e+16, 0.121064
0, 6.8296e+16, 0.437869
1, 1.96541e+16, 1.21926
1, 3.48722e+16, 0.823925
1, 4.65577e+15, 1.11937
0, 6.22929e+16, 1.27188
1, 3.22167e+15, 0.392409
1, 3.11252e+16, 0.770363
0, 7.48136e+16, 1.38726
1, 3.35969e+16, 0.305451
0, 4.55338e+16, 0.518749
0, 5.71612e+16, 1.10919
1, 4.44535e+16, 0.274999
0, 6.64508e+16, 1.51165
0, 8.23045e+16, 0.738345
1, 1.0881e+16, 1.42714
0, 6.03471e+16, 0.736474
0, 7.74547e+16, 0.0971307
1, 7.35246e+15, 1.56548
1, 1.55294e+16, 0.335596
0, 6.85388e+16, 1.47631
1, 3.76347e+16, 0.201813
1, 8.28814e+16, 1.1417
1, 1.71432e+16, 0.352438
1, 1.23954e+16, 0.81937
0, 6.54119e+16, 1.36831
0, 5.27252e+16, 0.669469
1, 2.44755e+16, 1.49475
0, 5.52347e+16, 1.0267
1, 3.08438e+15, 0.628701
0, 6.51625e+16, 1.29449
0, 5.39124e+16, 1.04469
1, 2.19412e+16, 1.38456
0, 7.93236e+16, 0.561816
0, 7.4099e+16, 0.904654
0, 3.63906e+16, 1.11942
0, 5.34457e+16, 0.56808
1, 1.96675e+16, 1.30922
1, 1.45632e+16, 1.33084
1, 4.12679e+16, 0.521259
0, 9.44017e+16, 1.50698
1, 1.78067e+16, 0.629188
1, 9.47545e+16, 0.0599834
1, 6.54702e+16, 1.25352
1, 3.41759e+16, 0.863777
0, 5.1702e+16, 0.948961
1, 4.96213e+16, 0.463797
1, 4.36224e+16, 1.13336
1, 2.205e+16, 0.410819
1, 2.8295e+16, 0.451761
1, 2.52409e+16, 0.215589
0, 8.07414e+16, 0.368773
0, 8.74421e+16, 0.049928
1, 4.4844e+15, 0.158575
1, 2.63005e+16, 0.906003
0, 8.95662e+16, 1.31869
1, 7.97235e+15, 1.29723
0, 9.1654e+16, 0.398198
1, 4.93335e+15, 1.40006
1, 1.35886e+16, 0.849629
1, 4.8102e+16, 0.633388
0, 7.75782e+16, 1.41717
1, 6.10756e+16, 0.216208
1, 5.39565e+15, 0.198734
1, 2.03021e+16, 1.38615
0, 6.2632e+16, 0.254844
1, 6.68538e+16, 0.177267
1, 4.96556e+16, 0.37156
0, 3.7748e+16, 1.22162
0, 6.92609e+16, 0.88474
0, 7.16405e+16, 1.09248
1, 6.33344e+16, 0.18604
0, 5.62702e+16, 0.708518
0, 4.38328e+16, 0.112035
1, 5.64522e+16, 0.0262384
0, 9.96198e+16, 0.419044
1, 2.84356e+16, 0.945621
0, 3.71088e+16, 1.10605
1, 9.82788e+16, 0.223683
1, 3.8562e+16, 0.497208
0, 6.68341e+16, 0.758483
1, 2.4696e+16, 0.448763
0, 8.65603e+16, 1.49733
0, 8.5389e+16, 1.55615
0, 3.65441e+16, 1.12713
1, 2.42365e+16, 1.16921
1, 2.53385e+16, 0.392027
0, 6.23588e+16, 0.750265
0, 5.19227e+16, 0.457042
0, 4.29184e+16, 1.52173
0, 6.69692e+16, 0.725871
0, 9.08013e+16, 1.39335
0, 8.14017e+16, 0.15262
0, 6.72985e+16, 0.762969
1, 1.6945e+16, 1.4458
0, 9.01102e+16, 0.585177
1, 2.58608e+16, 0.344633
1, 3.273e+16, 1.06062
0, 5.09099e+16, 0.407159
0, 6.59156e+16, 0.127339
1, 1.53718e+16, 0.600567
1, 1.36499e+16, 1.13124
0, 9.71879e+16, 1.13126
1, 1.63276e+16, 0.573792
1, 2.05506e+16, 1.2165
1, 4.03167e+16, 1.29133
0, 5.24982e+16, 0.0311632
1, 7.07189e+15, 1.3168
0, 8.83187e+16, 0.0394836
1, 3.05118e+16, 0.84209
1, 1.82875e+16, 0.758424
1, 9.91882e+15, 0.913226
0, 9.99907e+16, 1.03093
1, 1.45694e+16, 1.53671
1, 3.24367e+16, 0.0843805
0, 5.80818e+16, 0.48779
0, 4.03227e+16, 1.07359
1, 1.07211e+16, 0.0202
1, 1.36771e+16, 0.867409
0, 5.10022e+16, 1.48889
1, 2.98295e+16, 1.45568
0, 8.8379e+16, 1.0616
0, 9.70271e+16, 1.36875
0, 7.23647e+16, 1.38109
1, 4.17854e+16, 0.434027
0, 7.04442e+16, 0.728314
0, 6.29454e+16, 0.756417
1, 2.05231e+16, 0.405166
0, 9.00617e+16, 1.20363
1, 7.18141e+15, 1.37473
0, 6.08334e+16, 0.895083
0, 6.63137e+16, 0.974922
1, 1.58207e+16, 0.768953
0, 7.21718e+16, 0.517318
0, 8.99288e+16, 0.922044
0, 9.54322e+16, 1.48376
0, 5.20862e+16, 1.54841
1, 2.49642e+16, 0.858449
0, 4.81155e+16, 0.478557
1, 2.97537e+16, 1.0647
0, 5.84323e+16, 0.438824
0, 6.29861e+16, 0.63847
0, 9.12227e+16, 0.423576
0, 6.03139e+16, 1.0107
0, 6.7805e+16, 0.950617
1, 2.26564e+15, 0.573529
0, 8.28643e+16, 0.114093
1, 1.56952e+16, 0.493239
1, 6.67416e+15, 0.328706
0, 6.68175e+16, 0.189275
0, 8.38947e+16, 0.0779465
1, 6.70531e+16, 0.066826
1, 2.64816e+16, 1.15313
0, 9.03142e+16, 0.563441
0, 8.68043e+16, 1.38582
0, 8.63824e+16, 0.226015
0, 8.0808e+16, 0.363589
1, 9.83377e+16, 0.310509
0, 9.60472e+16, 1.34424
0, 4.14986e+16, 0.0891269
0, 5.09445e+16, 0.863102
1, 4.26689e+15, 0.0181643
1, 1.08375e+16, 0.422275
1, 2.22491e+15, 0.381952
1, 3.61592e+15, 0.67808
0, 9.86057e+16, 1.22303
0, 9.05947e+16, 0.389981
0, 4.90047e+16, 1.02752
1, 3.3643e+16, 0.943066
1, 2.04511e+16, 0.302909
0, 7.46801e+16, 1.17646
1, 2.2321e+16, 1.43876
1, 1.67297e+16, 0.900406
1, 9.76253e+16, 0.881762
0, 6.70878e+16, 0.609262
1, 2.02755e+16, 0.785666
0, 9.58302e+16, 0.957515
0, 9.07705e+16, 0.576236
0, 3.90186e+16, 0.762662
0, 6.70852e+16, 1.18147
0, 6.06524e+16, 1.24621
0, 5.25073e+16, 1.46236
1, 3.75921e+15, 0.667997
0, 7.71568e+16, 0.454704
0, 4.09644e+16, 1.27482
1, 6.51441e+16, 0.0711988
1, 1.62364e+16, 1.20287
1, 1.73888e+16, 1.43837
1, 1.10972e+16, 1.04004
1, 1.92208e+16, 0.131088
1, 1.05176e+16, 0.0860339
0, 6.65658e+16, 0.401032
1, 1.86213e+15, 1.00165
1, 8.39074e+16, 0.00666142
1, 1.35121e+16, 0.465024
0, 9.83047e+16, 0.973795
0, 8.93224e+16, 0.862972
0, 5.04197e+16, 0.827548
1, 3.3523e+16, 1.12786
1, 1.25912e+15, 0.348829
0, 5.41866e+16, 1.14381
1, 8.34551e+15, 0.524866
0, 6.07931e+16, 1.5209
1, 9.18151e+16, 0.164797
0, 4.61997e+16, 1.49788
0, 7.91318e+16, 0.745942
0, 2.79062e+16, 1.35995
0, 7.7084e+16, 0.949745
1, 9.97729e+16, 0.446643
1, 2.40737e+16, 0.365755
1, 3.42299e+16, 0.457388
0, 6.34877e+16, 0.32205
1, 1.22308e+16, 0.302891
1, 1.46192e+16, 0.636295
0, 8.96759e+16, 0.2065
0, 7.77873e+16, 1.11234
0, 6.83836e+16, 1.31912
0, 9.09397e+16, 1.33728
0, 4.77876e+16, 1.42425
0, 7.27791e+16, 0.801352
1, 9.63597e+16, 0.0728297
1, 3.84687e+16, 0.521555
0, 7.19047e+16, 0.690938
0, 9.52652e+16, 1.46471
0, 4.07129e+16, 0.213007
0, 7.90112e+16, 1.1846
0, 6.51693e+16, 1.15242
0, 3.253e+16, 0.375622
1, 5.22858e+15, 1.1523
1, 5.82594e+16, 0.806271
0, 5.98727e+16, 0.626166
1, 8.8989e+16, 0.155118
1, 3.71566e+16, 0.15528
1, 8.77354e+16, 1.04218
1, 2.68156e+16, 0.498094
0, 4.3846e+16, 0.0325706
0, 8.61927e+16, 0.43622
0, 6.51146e+16, 1.37189
0, 9.44667e+16, 0.751904
1, 1.30509e+16, 0.463567
1, 4.43992e+16, 0.311091
1, 2.79388e+16, 1.38686
0, 6.81592e+16, 1.36058
1, 1.08807e+16, 0.734907
0, 5.63036e+16, 0.306694
0, 3.80274e+16, 1.151
0, 6.26161e+16, 0.884749
0, 8.28581e+16, 0.475028
0, 4.8199e+16, 1.33484
0, 8.81633e+16, 0.551285
1, 6.86706e+16, 0.0844255
0, 9.61224e+16, 0.415455
1, 1.56238e+16, 0.00563305
0, 7.96404e+16, 1.22112
0, 9.43707e+16, 1.05712
0, 9.91418e+16, 0.0727451
1, 6.86365e+16, 1.48191
1, 1.92098e+16, 0.667106
1, 3.71137e+16, 0.028763
0, 5.37877e+16, 0.20132
0, 7.09011e+16, 1.51578
0, 6.67119e+16, 1.265
0, 8.90408e+16, 0.238813
1, 5.55441e+15, 0.36572
0, 8.17193e+16, 1.30377
0, 5.9731e+16, 1.28946
1, 7.68706e+16, 0.733867
1, 2.26395e+16, 0.921441
1, 1.00966e+16, 0.325517
1, 8.07503e+15, 1.24168
1, 9.2558e+15, 1.17221
0, 7.86275e+16, 0.458567
0, 7.50303e+16, 0.944855
0, 6.3351e+16, 1.18071
1, 2.07301e+16, 0.393698
1, 6.854e+15, 1.24793
0, 4.41483e+16, 0.0982637
1, 1.12998e+16, 0.471262
1, 1.1908e+16, 0.209142
0, 3.72438e+16, 1.28273
1, 4.1394e+16, 1.4667
0, 6.48306e+16, 1.51761
0, 8.11706e+16, 1.25964
0, 5.89791e+16, 0.711093
0, 6.80255e+16, 1.46627
1, 7.20159e+16, 0.145234
1, 2.92777e+16, 1.24542
1, 3.46019e+16, 0.892439
0, 3.8852e+16, 0.114078
0, 9.83793e+16, 0.754628
1, 1.11858e+15, 0.243431
0, 8.68605e+16, 0.255187
0, 9.48563e+16, 1.13947
0, 8.32095e+16, 0.864299
1, 3.88999e+16, 0.950536
0, 7.2328e+16, 0.997864
1, 1.40928e+16, 0.0489958
0, 6.13148e+16, 0.382666
1, 1.54141e+15, 1.28096
0, 5.60695e+16, 0.515792
1, 1.1718e+16, 1.02379
1, 2.82915e+16, 0.580796
0, 9.47447e+16, 1.41983
0, 5.80707e+16, 1.37498
1, 8.4662e+15, 1.49822
0, 5.19478e+16, 1.56578
0, 9.88819e+16, 0.626722
1, 6.7224e+15, 0.0176151
0, 9.20051e+16, 0.540772
0, 7.94376e+16, 0.681462
0, 9.5733e+16, 0.848698
1, 1.82539e+16, 1.05051
1, 2.14817e+16, 0.169315
1, 2.17623e+16, 1.46401
0, 6.83222e+16, 0.624324
1, 1.04344e+16, 0.243574
0, 7.77383e+16, 0.276911
0, 9.80542e+16, 1.14165
0, 8.58882e+16, 0.645773
0, 8.0036e+16, 1.41611
1, 6.01879e+16, 1.24052
0, 7.10413e+16, 0.069816
1, 8.95759e+15, 1.25661
0, 4.94255e+16, 0.905963
0, 4.99106e+16, 0.436001
0, 3.17066e+16, 0.931358
0, 9.02136e+16, 0.571122
0, 7.25907e+16, 1.32594
1, 9.9401e+16, 1.11274
1, 2.92081e+16, 0.0520815
1, 8.95434e+16, 0.831367
1, 4.4717e+16, 0.0835526
0, 7.37055e+16, 0.201671
1, 1.90069e+16, 0.589808
1, 7.69261e+15, 0.562023
1, 1.22849e+16, 1.45552
1, 1.48875e+16, 1.49863
1, 6.69003e+15, 0.893248
0, 5.48918e+16, 0.935683
0, 7.31283e+16, 0.615268
0, 4.23561e+16, 0.860713
0, 9.82566e+16, 0.820429
0, 8.85964e+16, 1.17737
0, 9.73147e+16, 0.684898
0, 8.09509e+16, 1.20256
1, 7.14664e+16, 1.03289
0, 9.38148e+16, 1.01982
0, 4.32769e+16, 0.668862
1, 1.76773e+16, 1.245
0, 9.0194e+16, 0.0994221
0, 4.90471e+16, 0.175053
0, 4.82974e+16, 1.3177
1, 7.9627e+16, 0.23203
0, 8.28173e+16, 0.09982
0, 7.75167e+16, 0.0540418
0, 4.06666e+16, 1.02528
1, 3.3915e+16, 0.182209
0, 6.63297e+16, 0.335895
0, 9.0305e+16, 0.207488
1, 2.05319e+16, 0.920137
1, 2.73657e+16, 0.712324
0, 3.51991e+16, 1.01002
1, 8.39824e+16, 1.47449
0, 7.91142e+16, 1.01071
0, 5.02766e+16, 0.054779
0, 6.27222e+16, 0.760519
0, 9.99694e+16, 1.3065
1, 2.53823e+16, 0.636753
1, 1.29631e+16, 1.25708
1, 1.21744e+16, 1.34633
0, 3.20708e+16, 1.53947
1, 1.12782e+16, 0.472882
0, 8.95549e+16, 1.1855
0, 4.83843e+16, 1.17339
1, 7.19398e+15, 1.41764
0, 4.74384e+16, 0.642489
1, 6.39598e+15, 0.0900766
0, 6.46479e+16, 1.38137
0, 3.76766e+16, 1.28488
1, 1.70019e+15, 0.515692
0, 4.16585e+16, 0.41975
0, 7.25388e+16, 0.304684
1, 5.59319e+16, 0.701204
1, 2.28673e+16, 1.47388
0, 7.06841e+16, 0.396973
0, 9.92335e+16, 1.55358
0, 7.45456e+16, 0.494705
0, 4.25279e+16, 1.41429
1, 5.13911e+16, 0.252009
0, 4.39035e+16, 0.16734
0, 8.92597e+16, 0.217682
0, 7.28752e+16, 0.0469826
1, 3.78595e+16, 1.34989
1, 1.61169e+16, 1.41644
0, 4.45172e+16, 0.792563
0, 9.40722e+16, 0.591242
0, 9.02835e+16, 0.770126
0, 4.6974e+16, 0.952529
0, 6.82632e+16, 0.357499
0, 8.96701e+16, 0.156178
1, 4.21394e+15, 1.28617
0, 5.45566e+16, 0.534005
0, 7.51293e+16, 0.305597
1, 2.42086e+16, 1.04801
0, 7.53325e+16, 0.718519
0, 8.73996e+16, 0.625204
1, 2.4451e+16, 0.535579
0, 8.17084e+16, 1.48407
1, 4.07511e+16, 0.448653
0, 9.14503e+16, 0.786642
1, 3.01342e+15, 1.07126
1, 3.48748e+16, 0.702448
0, 5.57025e+16, 0.346353
0, 8.8908e+16, 0.430899
1, 3.11181e+16, 0.814769
1, 1.03707e+16, 0.667615
0, 5.75666e+16, 1.31839
1, 1.98489e+16, 0.685443
0, 9.58086e+16, 1.49618
0, 7.43355e+16, 1.45567
0, 2.84384e+16, 1.5644
0, 8.59563e+16, 0.403895
0, 6.49849e+16, 1.45163
0, 3.61426e+16, 1.19433
1, 3.21694e+16, 0.21381
0, 8.11729e+16, 0.882722
1, 3.36315e+16, 0.870023
1, 3.04549e+16, 0.283909
0, 5.22532e+16, 1.46857
1, 5.39493e+16, 0.112659
1, 4.1556e+16, 0.0428575
0, 7.52724e+16, 0.706859
1, 8.5399e+16, 0.113729
1, 3.76523e+16, 0.183951
0, 6.53262e+16, 1.11914
0, 6.94036e+16, 0.872206
1, 3.87942e+15, 0.746629
1, 3.11318e+16, 0.644225
0, 4.06403e+16, 1.26433
0, 3.52256e+16, 1.44159
1, 3.55457e+16, 0.566081
1, 8.9128e+15, 1.25125
0, 8.61638e+16, 1.06194
1, 1.96882e+16, 0.349068
0, 2.89006e+16, 1.35652
0, 8.81474e+16, 0.321847
1, 4.36483e+15, 0.959194
1, 2.66922e+16, 0.644413
1, 1.18874e+15, 1.13049
0, 7.39784e+16, 0.100892
1, 1.90336e+16, 0.591706
1, 8.13006e+16, 0.208606
1, 1.81796e+16, 1.26449
0, 9.45081e+16, 0.630275
0, 5.15701e+16, 0.714338
0, 8.43721e+16, 0.806856
1, 4.91062e+16, 0.854779
0, 6.42159e+16, 0.174814
0, 3.83615e+16, 1.34741
1, 1.50494e+16, 1.22087
0, 9.21464e+16, 0.636489
1, 4.9181e+16, 0.189821
0, 9.83239e+16, 0.681217
0, 9.37146e+16, 1.335
0, 6.12991e+16, 0.611633
0, 5.90496e+16, 0.719957
1, 1.00743e+16, 0.934769
1, 2.95875e+16, 0.909938
1, 6.82487e+16, 0.219097
1, 2.61354e+16, 1.39525
0, 9.6767e+16, 1.195
0, 9.82737e+16, 1.3592
0, 5.5748e+16, 1.19017
1, 1.15294e+15, 0.552392
0, 5.83766e+16, 0.443267
1, 9.51241e+15, 0.730943
0, 7.45729e+16, 1.53729
0, 9.34588e+16, 0.830695
1, 3.1649e+16, 0.0571377
0, 9.62012e+16, 0.141632
1, 1.7143e+16, 0.680977
0, 6.37814e+16, 0.90424
1, 6.78173e+15, 0.900586
1, 1.4823e+16, 0.971201
0, 9.03903e+16, 0.216871
1, 1.39435e+15, 1.55455
1, 3.85589e+16, 0.872842
0, 6.53261e+16, 0.716577
1, 2.34159e+16, 0.540546
1, 1.70298e+15, 0.730288
0, 4.43682e+16, 1.43004
0, 9.48038e+16, 0.0557104
0, 7.9068e+16, 0.408982
0, 4.31154e+16, 0.11536
1, 3.46494e+16, 0.583917
0, 5.09934e+16, 0.893627
0, 7.56609e+16, 1.50198
0, 4.82033e+16, 0.944337
1, 3.36884e+15, 0.59211
1, 1.75446e+16, 0.650125
1, 2.36406e+16, 0.314796
0, 5.39366e+16, 0.0439937
0, 5.47827e+16, 0.384283
0, 8.5032e+16, 1.0062
1, 1.19333e+16, 1.0856
1, 3.64707e+16, 0.813875
1, 1.67824e+16, 0.738624
0, 6.53602e+16, 0.33506
0, 9.07668e+16, 0.18891
0, 5.85402e+16, 1.31581
1, 1.70166e+16, 0.953773
1, 2.17843e+16, 0.955631
0, 5.83291e+16, 0.459808
1, 7.79766e+16, 0.407153
0, 8.21472e+16, 0.217292
1, 1.16817e+16, 0.551976
0, 5.55681e+16, 1.10731
1, 6.08772e+16, 0.0113316
1, 3.26271e+16, 0.119579
0, 7.91517e+16, 1.04901
0, 6.56951e+16, 0.734639
0, 6.30467e+16, 0.268377
0, 3.08291e+16, 1.16554
0, 6.36865e+16, 0.609172
1, 3.71979e+16, 1.47401
0, 8.59427e+16, 1.03028
1, 8.36988e+16, 0.0537578
0, 8.82181e+16, 1.54508
0, 7.4199e+16, 1.01213
1, 1.63804e+16, 0.795972
0, 3.19147e+16, 1.45603
0, 9.88999e+16, 0.3727
0, 7.24885e+16, 1.55822
0, 4.05938e+16, 1.06066
1, 2.16169e+16, 0.74718
1, 2.96773e+16, 0.263711
0, 5.2661e+16, 0.774556
0, 4.98951e+16, 1.01985
1, 4.10917e+16, 0.248032
1, 5.9514e+15, 1.27149
1, 2.73834e+16, 0.739649
1, 1.89258e+16, 0.851605
0, 5.48471e+16, 0.780569
0, 5.138e+16, 0.0381956
1, 1.88017e+16, 0.167259
0, 7.98335e+16, 1.05063
1, 1.49603e+16, 0.607866
0, 9.3903e+16, 0.211267
1, 2.60061e+16, 1.28937
1, 4.62984e+15, 0.330868
0, 6.9462e+16, 1.11364
0, 6.86122e+16, 0.536784
0, 8.12544e+16, 0.495269
0, 8.80144e+16, 0.686561
1, 2.11171e+16, 1.42358
1, 2.52278e+16, 0.788881
0, 7.87737e+16, 1.45378
1, 1.68472e+16, 0.0270967
1, 2.43509e+16, 1.11529
0, 7.90512e+16, 1.54912
0, 5.15237e+16, 1.5278
0, 9.44362e+16, 0.278497
1, 6.94728e+16, 0.899162
1, 1.85396e+16, 1.37997
0, 5.02166e+16, 0.830407
0, 9.06215e+16, 1.55507
1, 3.27249e+15, 0.191325
0, 5.46593e+16, 1.55977
0, 4.57028e+16, 0.698767
1, 6.75556e+15, 1.28748
1, 1.02602e+16, 0.497271
0, 7.29428e+16, 1.41599
0, 8.8421e+16, 0.78563
0, 6.73975e+16, 0.737311
1, 5.34238e+16, 0.672084
0, 7.33906e+16, 1.15034
1, 1.61554e+16, 1.33257
1, 1.47588e+16, 0.093539
1, 2.39639e+16, 0.66298
0, 8.50079e+16, 0.981185
0, 7.12638e+16, 0.655695
0, 4.85904e+16, 1.4965
0, 6.50152e+16, 0.176629
0, 6.36702e+16, 1.42597
1, 1.45949e+16, 0.746245
0, 6.19181e+16, 1.13444
1, 5.11651e+15, 1.21376
0, 9.01399e+16, 1.27659
0, 8.24742e+16, 1.52855
0, 8.2766e+16, 0.12164
1, 4.58686e+15, 0.28132
0, 2.82981e+16, 1.0257
1, 3.51864e+16, 1.32179
0, 4.17096e+16, 1.55555
0, 4.43542e+16, 0.594838
0, 5.37637e+16, 1.54406
0, 6.61869e+16, 0.313997
0, 3.45373e+16, 0.0961412
0, 2.54914e+16, 1.55642
0, 9.18041e+16, 0.00825634
1, 3.72088e+16, 1.02941
1, 1.84809e+16, 0.794743
0, 6.07914e+16, 0.282842
0, 5.94117e+16, 0.138744
0, 3.73131e+16, 1.35664
1, 4.37638e+16, 0.24557
1, 4.30818e+15, 0.00406659
0, 4.88034e+16, 0.178921
1, 2.85411e+16, 0.610813
1, 1.37229e+16, 0.529111
0, 9.08953e+16, 0.66263
1, 5.07205e+16, 1.19219
1, 3.85555e+16, 1.36516
1, 1.03342e+16, 1.16341
1, 1.43094e+16, 0.0254846
0, 6.31366e+16, 0.896301
0, 7.0449e+16, 0.574827
1, 9.9596e+16, 1.47421
0, 6.76429e+16, 0.18338
0, 7.46985e+16, 0.534472
0, 4.73959e+16, 1.42646
0, 2.14989e+16, 0.108385
0, 6.32995e+16, 1.15099
1, 2.18258e+16, 0.351065
0, 5.06214e+16, 0.862555
0, 5.99786e+16, 0.439121
1, 2.75812e+16, 0.367255
0, 9.15277e+16, 0.696733
0, 9.27416e+16, 1.42364
1, 1.99601e+16, 0.820121
1, 1.4331e+16, 0.56203
1, 4.99977e+16, 0.321941
1, 6.45562e+16, 0.713634
1, 5.39496e+16, 0.529491
0, 6.16597e+16, 1.56665
1, 5.78907e+16, 0.533435
0, 5.34217e+16, 1.14487
1, 1.50317e+15, 0.308643
1, 5.64917e+16, 0.208108
0, 6.93777e+16, 1.14043
1, 2.23264e+15, 0.803496
1, 3.37577e+16, 0.0348062
1, 1.40395e+16, 1.30036
1, 8.05998e+15, 0.738389
0, 9.50233e+16, 1.10057
0, 9.63741e+16, 0.797829
0, 4.99933e+16, 1.5696
1, 4.82727e+16, 0.157519
0, 5.52254e+16, 0.0108753
0, 6.52091e+16, 1.08766
1, 8.71581e+15, 0.27047
1, 1.04831e+16, 0.522871
0, 8.70809e+16, 1.02329
1, 3.10035e+16, 0.494572
1, 1.37712e+16, 0.296792
0, 4.68763e+16, 0.239359
1, 2.00162e+16, 0.654458
0, 6.24705e+16, 0.252022
1, 2.48103e+15, 1.20138
1, 3.7841e+16, 0.331641
0, 7.58852e+16, 0.310504
0, 4.57279e+16, 0.722527
1, 2.33809e+16, 0.374083
1, 4.44434e+16, 0.589874
0, 7.46247e+16, 1.42378
0, 7.85722e+16, 1.00717
0, 5.64985e+16, 1.29474
0, 6.07866e+16, 1.00411
0, 6.17408e+16, 0.254383
1, 1.35201e+16, 0.00904255
0, 7.8401e+16, 0.959749
1, 4.03567e+16, 0.718062
0, 3.11563e+16, 0.633908
0, 4.40372e+16, 1.0754
0, 8.87396e+16, 0.0697026
0, 7.76244e+16, 0.741294
1, 5.30068e+15, 0.180024
0, 5.44842e+16, 1.10301
1, 2.77717e+15, 0.620449
0, 9.06645e+16, 1.17818
0, 9.83798e+16, 1.2344
1, 2.64525e+16, 1.35034
1, 3.2125e+16, 0.622835
1, 7.04983e+15, 1.50609
1, 6.98822e+16, 0.858376
1, 4.7095e+16, 1.4899
0, 6.72479e+16, 0.729531
0, 6.61699e+16, 1.33515
0, 7.37424e+16, 0.491894
1, 5.11891e+15, 1.08858
0, 9.39437e+16, 0.130948
0, 9.3982e+16, 0.627329
0, 7.16054e+16, 1.32192
1, 4.81953e+16, 1.04215
0, 4.76492e+16, 1.46975
1, 3.83886e+16, 0.218596
0, 7.29846e+16, 1.24115
1, 3.03995e+16, 1.54372
1, 1.65656e+16, 0.407795
0, 8.81102e+16, 0.932602
1, 1.98476e+15, 0.947708
1, 3.44639e+16, 0.345399
0, 6.30517e+16, 0.391236
1, 2.94188e+16, 0.196381
0, 5.98349e+16, 1.34995
0, 6.07231e+16, 0.976456
0, 4.05859e+16, 0.0783843
0, 7.70451e+16, 0.959668
0, 5.5058e+16, 1.5329
0, 7.83534e+16, 0.840366
0, 7.52587e+16, 0.908405
1, 1.43464e+15, 0.147461
1, 8.83467e+16, 1.46104
0, 4.98403e+16, 1.04661
1, 2.16214e+16, 0.05191
0, 6.76241e+16, 0.911764
0, 8.96388e+16, 0.757451
1, 2.99041e+16, 0.463207
1, 1.02411e+16, 0.157137
1, 4.85699e+16, 0.607654
1, 2.22722e+16, 1.22711
0, 9.38218e+16, 0.934532
0, 5.14718e+16, 0.185461
0, 7.89343e+16, 1.39033
1, 1.36632e+16, 0.747053
0, 8.6938e+16, 0.75111
1, 8.5666e+15, 0.81946
0, 8.05659e+16, 1.2752
0, 4.10425e+16, 0.907573
1, 3.15785e+15, 0.930035
1, 2.18103e+16, 1.04475
0, 3.43815e+16, 1.52301
1, 1.6545e+15, 0.887619
1, 2.42406e+16, 0.789167
0, 8.14626e+16, 1.491
1, 4.67646e+16, 0.0107459
1, 1.41319e+16, 1.3438
1, 1.06116e+16, 0.0674897
0, 9.80551e+16, 0.584239
1, 4.58283e+15, 0.492204
0, 9.41672e+16, 0.377028
0, 8.18941e+16, 0.301065
0, 3.14186e+16, 1.23899
1, 1.75797e+16, 1.27495
0, 4.33473e+16, 1.49589
1, 2.37478e+16, 0.611904
1, 1.50456e+16, 0.875631
1, 1.33164e+16, 0.951203
0, 9.3448e+16, 0.0370999
1, 6.25746e+15, 0.0950878
0, 8.35132e+16, 0.454357
0, 4.46032e+16, 0.735858
0, 5.52031e+16, 0.129473
0, 4.07144e+16, 1.32796
1, 4.5514e+15, 0.441401
1, 1.76369e+16, 1.53841
0, 9.25812e+16, 1.37442
0, 8.75192e+16, 1.18998
1, 1.40668e+16, 0.348575
0, 5.38511e+16, 0.240323
0, 5.20705e+16, 0.854655
0, 5.74808e+16, 1.54139
0, 8.9218e+16, 0.564627
0, 7.60013e+16, 0.987403
1, 3.50005e+16, 0.195388
1, 8.53789e+16, 0.323139
1, 2.96814e+16, 0.875587
1, 3.98687e+16, 1.43244
0, 5.83167e+16, 0.284939
1, 7.76652e+15, 1.21687
0, 5.46472e+16, 1.37584
1, 5.34142e+16, 0.237798
0, 7.175e+16, 1.17462
0, 9.47636e+16, 1.04478
1, 4.27355e+15, 0.872158
1, 4.82703e+16, 0.0781163
1, 5.69134e+15, 0.0748693
1, 2.45652e+16, 0.977432
1, 1.61314e+16, 1.40893
1, 2.91929e+16, 0.771449
0, 7.61649e+16, 1.53084
0, 8.37429e+16, 0.661638
1, 2.71205e+16, 1.18177
0, 7.86889e+16, 0.0714839
0, 6.719e+16, 1.47626
0, 4.95662e+16, 1.16437
0, 8.43693e+16, 0.206327
1, 2.47347e+16, 0.756519
0, 8.02455e+16, 0.519995
1, 4.89304e+16, 0.904301
1, 7.24744e+15, 1.29257
0, 4.39456e+16, 1.31809
0, 7.85455e+16, 1.27895
0, 9.37008e+16, 0.71579
1, 2.09899e+16, 1.54488
1, 4.05755e+16, 0.235693
0, 8.33992e+16, 0.943418
1, 9.42308e+15, 0.265757
1, 1.51412e+16, 1.15719
0, 8.56281e+16, 0.876003
1, 2.75934e+16, 0.133363
1, 5.48378e+15, 1.12252
1, 3.06173e+16, 0.328024
1, 1.72828e+16, 0.85901
1, 3.41561e+16, 0.693518
0, 5.41898e+16, 0.91421
1, 7.14638e+16, 0.51785
0, 9.06012e+16, 1.44006
0, 7.61065e+16, 0.430796
0, 6.00248e+16, 1.45191
0, 9.03389e+16, 0.332767
0, 5.23343e+16, 1.15711
1, 3.84531e+16, 0.291144
0, 7.89239e+16, 0.609637
0, 3.97721e+16, 1.07999
0, 3.881e+16, 0.798077
1, 3.52272e+16, 0.528986
1, 3.73841e+16, 0.316578
0, 8.23408e+16, 0.98335
1, 3.53187e+16, 0.563149
0, 8.06784e+16, 1.04979
0, 7.91387e+16, 1.10923
0, 6.83283e+16, 0.140374
0, 9.23781e+16, 0.335939
1, 3.39661e+16, 0.97333
0, 5.51866e+16, 1.37084
0, 6.76152e+16, 1.02325
0, 7.63166e+16, 0.330176
0, 9.71563e+16, 0.216666
1, 2.49118e+16, 0.781048
0, 9.76006e+16, 0.215644
0, 4.30798e+16, 1.5684
0, 6.45872e+16, 1.14025
0, 6.31609e+16, 0.910797
0, 8.74134e+16, 1.08861
1, 3.31704e+16, 0.215793
0, 4.70375e+16, 0.643095
1, 3.67188e+15, 0.653573
0, 6.27891e+16, 0.997478
0, 5.16657e+16, 0.547893
1, 3.09866e+16, 1.08131
0, 9.82877e+16, 0.344254
0, 2.82705e+16, 1.52401
0, 9.42502e+16, 1.06204
0, 9.44245e+16, 1.47077
0, 8.12371e+16, 1.06611
1, 7.54008e+15, 0.111099
1, 1.87558e+16, 0.479762
1, 6.90296e+15, 0.725126
1, 6.82368e+15, 1.16707
0, 6.25399e+16, 1.44934
1, 3.06119e+16, 0.379992
1, 9.31684e+15, 0.477056
0, 8.85673e+16, 1.40921
1, 7.95214e+16, 0.0251431
1, 3.10022e+16, 0.773794
0, 5.97964e+16, 1.21525
0, 6.33201e+16, 1.19123
0, 6.99917e+16, 0.830643
0, 6.74052e+16, 0.9703
0, 7.2533e+16, 1.46114
0, 2.50224e+16, 0.597732
1, 1.40024e+16, 1.11406
1, 7.01362e+16, 1.37201
0, 3.23981e+16, 0.914844
1, 2.15924e+16, 0.197933
0, 7.40513e+16, 0.241936
1, 2.18149e+16, 0.679993
0, 6.13328e+16, 1.06388
1, 1.89963e+16, 0.811636
0, 5.32054e+16, 0.324893
0, 8.02287e+16, 1.04694
1, 3.02341e+16, 0.566571
0, 5.65989e+16, 0.552136
0, 2.87793e+16, 1.32817
0, 4.35941e+16, 1.35029
0, 5.10252e+16, 1.48379
0, 7.18779e+16, 1.14337
1, 3.16256e+16, 0.347775
1, 1.11054e+16, 0.753509
0, 5.60896e+16, 0.200412
1, 2.67881e+16, 0.961983
1, 2.81961e+16, 0.919088
1, 2.50013e+16, 1.40132
0, 3.36304e+16, 1.50367
0, 8.66498e+16, 0.526882
0, 9.9023e+16, 0.761495
1, 1.706e+16, 0.380509
0, 9.5763e+16, 1.40516
1, 1.92644e+16, 0.338424
1, 2.10396e+16, 0.794638
0, 7.21928e+16, 0.113992
0, 7.48999e+16, 0.0648548
0, 4.41713e+16, 1.24959
0, 6.80991e+16, 0.124189
0, 8.27206e+16, 0.860438
1, 1.67862e+16, 1.25821
0, 9.73768e+16, 0.656517
1, 3.07551e+16, 1.34885
0, 9.99692e+16, 0.853099
0, 5.34285e+16, 1.28678
0, 2.85887e+16, 1.39293
1, 2.11586e+16, 1.38363
0, 8.27395e+16, 1.07852
1, 2.64768e+16, 0.502254
1, 2.47619e+16, 1.37668
0, 9.65268e+16, 0.705595
0, 6.296e+16, 1.1457
0, 9.65525e+16, 1.56601
1, 3.19284e+16, 0.956197
1, 2.454e+16, 0.404687
0, 6.42993e+16, 0.862141
0, 8.31865e+16, 1.20962
1, 2.74623e+16, 0.151812
1, 1.03496e+16, 0.238729
0, 3.99765e+16, 1.19245
0, 4.88202e+16, 0.181118
0, 6.49686e+16, 1.10695
0, 8.20405e+16, 1.02213
0, 8.0653e+16, 1.16558
1, 3.21914e+16, 0.728835
0, 3.94014e+16, 1.23778
1, 3.4896e+16, 0.371186
0, 5.33976e+16, 0.39203
0, 3.63946e+16, 0.167403
0, 7.17528e+16, 1.31451
0, 9.86522e+16, 1.30966
0, 8.23191e+16, 1.37138
1, 2.38224e+16, 0.760299
1, 8.3513e+16, 0.266435
1, 2.85591e+16, 0.822833
0, 9.38213e+16, 1.37535
0, 7.32442e+16, 1.51402
1, 1.56871e+16, 0.603972
0, 6.47597e+16, 0.633129
0, 7.2199e+16, 0.352824
0, 5.32686e+16, 0.510624
1, 6.54751e+16, 0.557756
1, 3.59709e+16, 0.146255
0, 8.52544e+16, 0.345674
0, 7.07793e+16, 0.280733
0, 8.39413e+16, 0.815452
1, 7.96791e+15, 1.53309
0, 9.6324e+16, 1.1684
0, 5.06267e+16, 0.965184
1, 2.06903e+16, 0.0228633
1, 3.32645e+16, 0.322519
0, 4.97712e+16, 0.0940568
1, 6.86386e+15, 0.134934
0, 6.44068e+16, 0.97223
0, 9.29409e+16, 0.71376
0, 6.64328e+16, 0.644072
0, 7.5052e+16, 1.43523
0, 3.70967e+16, 0.201407
1, 7.40115e+16, 0.232896
1, 1.24026e+16, 0.7005
1, 4.66701e+16, 0.576729
0, 5.46366e+16, 0.669793
1, 2.5091e+16, 1.30276
1, 3.60699e+16, 1.20458
0, 5.64837e+16, 0.450334
0, 6.2685e+16, 0.846046
1, 2.02777e+16, 1.19186
1, 1.97774e+16, 1.35906
1, 4.67533e+16, 0.991894
0, 6.21587e+16, 1.34872
0, 7.79912e+16, 0.589633
0, 5.14243e+16, 1.36609
1, 1.6098e+16, 0.223867
1, 5.17336e+16, 0.700336
1, 3.57238e+16, 0.102286
0, 6.5997e+16, 0.956331
0, 2.8852e+16, 1.55977
1, 6.21923e+15, 0.525379
1, 1.39367e+16, 1.22596
0, 5.62694e+16, 1.07018
0, 4.90608e+16, 0.418542
1, 2.94457e+16, 0.841469
0, 3.65058e+16, 1.42713
0, 3.61982e+16, 1.46722
1, 1.83241e+16, 0.590737
0, 4.23025e+16, 0.666866
0, 9.84298e+16, 0.375185
0, 5.62478e+16, 0.916684
0, 8.38626e+16, 0.219271
0, 9.02565e+16, 0.579749
0, 9.73244e+16, 1.28787
0, 8.83641e+16, 0.84313
1, 2.4751e+16, 0.859316
0, 9.39411e+16, 1.05684
0, 7.52033e+16, 0.374418
1, 4.27204e+16, 0.408845
0, 9.99284e+16, 0.945554
0, 8.53892e+16, 0.160519
1, 5.92632e+16, 1.15525
0, 9.01352e+16, 0.584142
0, 4.47766e+16, 0.497861
0, 5.08453e+16, 0.950167
1, 1.20842e+16, 0.106437
1, 3.318e+16, 0.0793088
0, 5.6192e+16, 1.26392
1, 9.32582e+16, 0.500872
1, 2.50879e+16, 0.433181
0, 8.38172e+16, 0.418672
0, 6.07137e+16, 1.16626
1, 2.12569e+16, 0.634618
1, 1.02963e+16, 0.680707
0, 6.18115e+16, 1.37169
0, 5.36731e+16, 1.42986
0, 7.33957e+16, 0.779966
0, 5.76338e+16, 1.39484
1, 9.95485e+16, 1.16073
0, 8.86885e+16, 1.01253
0, 9.2309e+16, 0.67138
1, 2.90533e+16, 0.760174
0, 2.92985e+16, 1.16569
1, 1.66057e+16, 0.566181
0, 6.79867e+16, 1.14362
0, 8.58211e+16, 1.38426
0, 5.6061e+16, 1.0703
0, 8.14206e+16, 0.744406
1, 2.97836e+16, 0.287458
1, 1.63787e+16, 1.38455
0, 9.83376e+16, 1.42992
1, 2.70656e+16, 1.46136
0, 3.99044e+16, 0.337024
1, 3.30966e+16, 0.83506
0, 9.15976e+16, 0.789214
1, 7.48081e+15, 1.4769
1, 1.12328e+16, 0.989437
1, 3.92139e+16, 1.49965
0, 4.26024e+16, 0.968411
1, 5.86374e+16, 0.941329
0, 9.28763e+16, 0.225737
0, 9.53803e+16, 0.457042
1, 1.50624e+16, 0.493727
1, 1.26181e+16, 0.633858
0, 5.1226e+16, 0.466728
0, 6.59845e+16, 1.1578
0, 7.5091e+16, 0.87941
1, 3.86349e+16, 0.462872
1, 1.02116e+16, 1.32909
1, 1.9198e+16, 0.549591
0, 5.3005e+16, 0.813784
1, 2.2833e+16, 1.09297
0, 7.89995e+16, 1.43194
1, 4.30799e+16, 0.400167
0, 4.2201e+16, 1.29573
1, 8.93194e+16, 0.0889971
0, 4.97185e+16, 0.13086
1, 1.4098e+16, 0.569086
1, 1.18828e+16, 0.517093
0, 8.54974e+16, 0.156998
0, 5.03659e+16, 0.368667
1, 3.17344e+16, 0.479616
0, 6.56197e+16, 1.17059
0, 4.20071e+16, 0.699312
0, 8.6096e+16, 0.991402
0, 5.56446e+16, 0.300268
0, 7.81099e+16, 0.782729
0, 6.37396e+16, 0.371067
1, 1.80667e+16, 0.00147581
1, 6.68443e+16, 0.156213
1, 1.53831e+16, 1.10882
1, 3.33043e+16, 0.674194
0, 9.52439e+16, 0.703978
0, 9.18245e+16, 1.41146
1, 6.42765e+15, 0.686379
1, 9.3338e+16, 0.844475
1, 6.95208e+16, 0.804938
1, 1.34288e+16, 1.11302
1, 5.54615e+15, 0.510763
0, 7.26162e+16, 1.5085
0, 7.95971e+16, 1.0025
0, 8.50004e+16, 1.46179
0, 4.85143e+16, 1.18101
1, 5.63964e+15, 0.672336
1, 3.90955e+16, 1.10596
0, 8.16078e+16, 0.822554
0, 8.74005e+16, 1.06339
1, 1.89675e+15, 0.281668
1, 3.46921e+16, 0.77637
1, 1.11466e+16, 0.625876
0, 9.42611e+16, 1.39909
1, 3.42588e+16, 0.838793
1, 4.28523e+16, 0.415821
0, 5.07005e+16, 0.866997
0, 8.43786e+16, 0.802775
1, 1.21687e+16, 1.26398
1, 2.80928e+16, 0.605089
0, 5.61722e+16, 1.32656
1, 4.278e+16, 1.27902
1, 3.39449e+16, 0.548842
0, 8.40682e+16, 0.867834
0, 8.97268e+16, 0.679063
1, 3.59153e+16, 0.527718
1, 3.6875e+16, 0.252858
1, 4.03272e+16, 0.522097
0, 6.5225e+16, 0.833475
0, 3.14608e+16, 0.982178
0, 5.30796e+16, 0.910404
0, 4.39518e+16, 1.23258
1, 4.48376e+16, 0.893433
1, 3.27892e+16, 1.40336
0, 4.89517e+16, 0.00151371
1, 2.24023e+16, 0.489342
0, 4.93772e+16, 1.41667
1, 1.76019e+16, 0.156511
1, 4.25868e+16, 0.302878
1, 2.34393e+16, 0.233408
1, 8.18593e+15, 0.309714
0, 8.97729e+16, 0.114755
1, 4.75551e+16, 0.00511195
0, 6.27214e+16, 0.371782
1, 5.12017e+16, 0.961113
0, 9.16727e+16, 1.17967
0, 4.8173e+16, 1.5208
0, 5.52691e+16, 0.552467
1, 4.91216e+16, 0.786976
0, 9.2117e+16, 0.160703
0, 4.26468e+16, 0.712258
0, 7.81782e+16, 0.984842
0, 5.3315e+16, 0.0825661
1, 2.17506e+16, 0.287854
0, 4.92927e+16, 0.645085
1, 1.7034e+16, 0.99038
0, 7.01966e+16, 0.301644
0, 6.68745e+16, 1.25744
1, 6.54934e+16, 1.11924
1, 4.98372e+15, 0.155555
0, 2.59997e+16, 1.37253
1, 2.22097e+16, 0.948046
1, 3.29513e+16, 1.28062
0, 9.3181e+16, 0.756857
0, 9.72369e+16, 0.848127
0, 4.96479e+16, 0.549785
1, 3.19989e+16, 0.172286
0, 9.02848e+16, 0.262241
0, 4.41555e+16, 1.40334
1, 1.09366e+16, 0.132518
1, 2.1366e+15, 0.357687
1, 1.90116e+16, 0.811968
1, 1.75753e+16, 0.712718
0, 9.62655e+16, 0.808238
0, 6.6266e+16, 0.888371
1, 2.73853e+16, 1.26935
0, 5.22535e+16, 1.01628
1, 7.12668e+15, 0.439312
0, 6.68482e+16, 1.17716
0, 9.75266e+16, 0.372511
0, 8.09785e+16, 0.527085
1, 1.97978e+16, 0.379688
1, 1.05934e+15, 0.631693
0, 4.76458e+16, 0.00842691
0, 7.83252e+16, 0.273146
1, 2.71799e+16, 0.555043
0, 5.69535e+16, 0.837908
0, 4.75525e+16, 1.25882
0, 7.03647e+16, 1.13362
1, 3.1029e+16, 1.37902
1, 1.26372e+16, 0.116923
0, 4.66935e+16, 0.359354
0, 7.07241e+16, 0.300269
0, 8.94802e+16, 1.08369
0, 6.035e+16, 0.113968
0, 5.37212e+16, 0.897114
1, 2.23973e+16, 1.32427
0, 7.73996e+16, 1.11649
0, 8.60262e+16, 0.667641
0, 4.96247e+16, 1.21821
0, 6.79164e+16, 0.786097
1, 6.1088e+15, 0.762723
1, 2.05874e+16, 0.910097
0, 7.96392e+16, 1.13443
0, 3.60914e+16, 1.46557
0, 8.33173e+16, 1.53557
1, 1.96987e+16, 0.0021666
0, 5.70358e+16, 0.250171
0, 7.9995e+16, 1.18693
1, 8.18131e+15, 0.0880922
0, 9.24833e+16, 1.00176
1, 7.73305e+15, 1.18982
0, 4.26047e+16, 1.25183
0, 7.96378e+16, 0.348648
0, 4.6407e+16, 1.42768
0, 5.62157e+16, 1.26829
1, 1.2473e+16, 1.19764
0, 9.25934e+16, 0.848813
1, 6.18887e+15, 0.00478473
0, 8.26616e+16, 0.0523187
0, 9.4248e+16, 0.344085
1, 1.37357e+16, 0.56972
0, 5.13002e+16, 0.45986
1, 1.86745e+16, 0.0841348
1, 3.22748e+16, 0.588888
0, 9.56478e+16, 0.591598
0, 9.81212e+16, 0.345275
0, 8.77023e+16, 0.865471
0, 4.77523e+16, 0.34345
0, 8.30815e+16, 0.438502
1, 3.87157e+16, 0.186355
0, 5.80289e+16, 0.545154
0, 9.58024e+16, 1.22957
0, 5.40063e+16, 0.212382
0, 8.21886e+16, 1.09695
0, 8.42968e+16, 0.82716
0, 7.6092e+16, 1.31293
0, 8.5384e+16, 0.930803
0, 8.39014e+16, 1.44254
1, 2.68696e+16, 0.422324
0, 9.61183e+16, 0.582929
1, 2.23812e+16, 0.206534
1, 1.09159e+16, 0.390489
0, 5.31753e+16, 0.929191
0, 7.6378e+16, 0.820349
0, 7.2761e+16, 1.14409
1, 6.63466e+15, 1.56249
1, 9.66043e+15, 0.0685049
0, 3.76712e+16, 0.168162
0, 8.11083e+16, 0.673763
1, 2.16114e+16, 0.195595
1, 5.73116e+15, 0.805478
1, 3.38417e+16, 1.38414
1, 1.33806e+16, 1.0255
1, 2.95229e+16, 1.32027
1, 2.30661e+16, 0.557014
1, 3.18077e+16, 1.16527
0, 9.23295e+16, 1.09609
0, 3.71063e+16, 0.0739476
0, 9.68137e+16, 1.24568
0, 5.96095e+16, 1.27876
1, 1.53622e+16, 0.494384
1, 5.42739e+15, 0.682816
0, 8.37182e+16, 1.28811
1, 6.13959e+16, 0.682885
0, 5.05052e+16, 0.102114
0, 4.38974e+16, 0.34473
0, 4.84754e+16, 1.37615
0, 6.85968e+16, 0.317755
1, 2.33585e+16, 1.33034
1, 1.5901e+16, 0.559614
1, 2.10829e+15, 0.858705
0, 4.4326e+16, 0.044467
1, 1.88751e+16, 1.07803
1, 4.9608e+15, 0.799566
0, 8.58513e+16, 1.19792
1, 6.962e+16, 0.341445
0, 8.21725e+16, 0.989028
1, 5.00761e+15, 0.0624
1, 4.5586e+16, 0.161021
0, 4.42347e+16, 0.0604994
0, 6.16022e+16, 0.0170952
0, 3.81994e+16, 0.551802
1, 1.36146e+16, 0.982448
0, 5.63558e+16, 0.888293
1, 7.32113e+16, 0.0633985
0, 9.41325e+16, 0.679405
1, 2.84782e+16, 0.255312
0, 7.3111e+16, 0.0474875
0, 6.13118e+16, 0.75362
0, 5.61724e+16, 0.899307
0, 4.90382e+16, 0.937165
0, 6.75159e+16, 0.900133
0, 5.93882e+16, 0.559936
0, 4.88452e+16, 1.25681
0, 3.57207e+16, 1.16835
0, 4.81092e+16, 1.16097
1, 1.04804e+16, 0.128901
1, 2.16153e+16, 0.775167
0, 4.83565e+16, 1.29774
0, 6.0405e+16, 0.701258
0, 6.03324e+16, 1.09366
1, 6.31475e+16, 0.629043
1, 1.71559e+16, 0.914898
0, 6.96352e+16, 0.253104
1, 1.47619e+16, 0.22327
0, 5.94078e+16, 1.44662
1, 5.72411e+16, 0.0279907
0, 5.35455e+16, 1.09701
1, 9.41741e+16, 0.798952
0, 4.14292e+16, 0.814692
0, 7.03596e+16, 0.803611
0, 7.23973e+16, 1.10456
1, 1.51139e+16, 1.12758
0, 5.95698e+16, 1.45218
0, 6.68959e+16, 1.02159
0, 9.92372e+16, 0.806787
0, 6.77524e+16, 1.53534
1, 7.93716e+15, 0.218526
0, 9.34638e+16, 0.241548
0, 9.85007e+16, 0.991711
0, 7.76167e+16, 1.08074
1, 3.25799e+16, 0.120209
1, 1.46007e+16, 0.975064
0, 4.59021e+16, 0.700235
0, 6.27612e+16, 1.21695
0, 6.92659e+16, 1.42489
1, 9.27418e+15, 0.197914
1, 8.06397e+16, 0.148284
0, 6.59672e+16, 0.674499
0, 5.35656e+16, 0.443441
0, 9.77278e+16, 1.0281
1, 2.99037e+16, 0.0371077
1, 1.95087e+16, 0.487466
0, 5.60597e+16, 0.583665
1, 5.83317e+16, 0.191779
1, 3.2422e+16, 0.568157
0, 4.99901e+16, 1.26374
0, 7.9606e+16, 0.497956
1, 2.88478e+16, 0.0517558
0, 6.59263e+16, 1.33869
1, 2.42277e+16, 1.3371
0, 9.67824e+16, 1.43109
1, 5.68825e+16, 0.470536
1, 2.29599e+16, 1.11981
1, 6.05225e+15, 0.542351
0, 6.46678e+16, 1.05015
1, 5.67792e+15, 0.106801
0, 7.52041e+16, 0.963106
1, 2.80241e+16, 1.12042
0, 5.67719e+16, 1.33202
1, 3.70017e+16, 0.0506835
1, 1.70675e+16, 0.180202
0, 5.35882e+16, 1.2673
1, 7.47195e+16, 0.355275
0, 7.21282e+16, 0.0908526
1, 5.45917e+15, 1.52247
0, 6.51736e+16, 0.700517
1, 7.28116e+15, 0.120909
1, 1.23299e+16, 1.08501
0, 3.52532e+16, 1.16116
0, 3.90889e+16, 0.206653
1, 2.45345e+15, 0.11428
1, 5.91397e+15, 0.861666
0, 7.3025e+16, 1.19679
0, 9.52277e+16, 0.417907
0, 6.0979e+16, 0.239024
1, 6.68207e+16, 0.252302
1, 3.28915e+16, 0.11271
0, 6.47487e+16, 0.947785
1, 3.3436e+16, 1.44457
1, 1.26616e+16, 1.19087
1, 3.06943e+16, 0.0135623
1, 1.2319e+16, 1.01063
0, 8.38238e+16, 1.55021
1, 1.86963e+16, 0.0986281
0, 7.92081e+16, 0.928404
1, 9.01837e+15, 0.23565
1, 3.01768e+16, 0.69937
1, 1.80453e+15, 1.54212
0, 6.29651e+16, 0.110066
0, 5.22904e+16, 0.0988586
0, 4.91306e+16, 0.692576
0, 7.41197e+16, 0.626912
0, 7.5429e+16, 1.20578
0, 9.12088e+16, 1.28686
1, 9.79751e+16, 0.11729
1, 4.54071e+15, 1.39322
1, 3.16891e+16, 1.04767
0, 4.915e+16, 0.285809
1, 4.92007e+16, 0.085709
1, 2.63841e+16, 0.415252
0, 7.53839e+16, 0.0242164
1, 4.12521e+16, 1.19084
0, 9.01227e+16, 1.22056
1, 5.46046e+16, 0.312577
0, 6.36897e+16, 1.06958
1, 3.45479e+16, 0.754582
0, 9.84022e+16, 1.03915
0, 6.05444e+16, 0.216458
0, 9.37264e+16, 1.49404
1, 3.64003e+15, 1.52142
1, 3.00302e+16, 1.4787
1, 4.52887e+15, 0.904154
0, 7.61842e+16, 1.15368
0, 4.58375e+16, 0.0856548
0, 8.49774e+16, 1.51281
0, 6.92602e+16, 0.79458
0, 5.38267e+16, 0.592317
0, 9.67414e+16, 0.344664
0, 7.73172e+16, 0.160247
0, 9.93424e+16, 0.637898
0, 7.61874e+16, 0.556914
1, 2.3594e+16, 0.581793
0, 7.31686e+16, 0.683851
1, 3.32237e+16, 0.407477
1, 2.13002e+16, 1.05602
0, 5.51203e+16, 0.467156
0, 2.96887e+16, 1.50847
1, 2.34529e+16, 0.628824
1, 3.34097e+16, 0.187206
0, 9.05797e+16, 0.892892
0, 5.91637e+16, 1.49315
0, 6.24717e+16, 0.893633
1, 2.76617e+16, 0.322531
1, 1.74482e+16, 1.45391
1, 4.03211e+16, 0.595635
0, 7.91679e+16, 0.685481
0, 9.29558e+16, 1.28441
1, 5.18273e+16, 0.234845
1, 1.78934e+16, 0.698004
0, 6.64712e+16, 0.934369
1, 1.41618e+16, 0.444347
1, 6.59201e+16, 0.101087
0, 4.31321e+16, 0.317519
0, 5.99394e+16, 0.613353
0, 4.93768e+16, 0.278251
1, 5.36568e+16, 0.313848
0, 7.04586e+16, 1.37608
1, 2.40983e+16, 0.131237
0, 4.01696e+16, 1.56709
0, 6.80282e+16, 0.989162
0, 7.90065e+16, 0.566055
0, 6.94046e+16, 0.993219
1, 1.68824e+16, 1.49572
1, 7.84399e+15, 0.429682
0, 8.58279e+16, 1.24825
1, 1.24371e+16, 0.842309
1, 1.67494e+16, 0.180131
0, 6.04802e+16, 0.140077
0, 8.30724e+16, 1.32876
1, 4.63341e+16, 1.35885
0, 8.10399e+16, 0.960828
0, 8.48038e+16, 0.96213
1, 1.54485e+16, 1.20769
0, 7.84807e+16, 0.90703
1, 3.25045e+16, 0.138697
1, 6.12197e+16, 1.35346
1, 2.78791e+16, 0.218214
0, 6.55761e+16, 1.30845
1, 9.05896e+16, 1.21364
1, 1.47782e+16, 0.38076
1, 2.24514e+16, 0.375396
1, 3.96345e+16, 0.611778
0, 8.76969e+16, 0.610798
0, 9.37544e+16, 1.24386
0, 6.69386e+16, 1.23042
0, 6.34189e+16, 0.364791
0, 8.41624e+16, 1.21811
1, 6.84808e+15, 1.05633
1, 3.31385e+16, 0.401072
0, 8.42694e+16, 1.13182
0, 6.85179e+16, 0.69794
0, 4.73548e+16, 0.300894
0, 8.0506e+16, 0.463574
0, 5.63432e+16, 0.88534
1, 2.5348e+16, 1.25949
0, 8.43033e+16, 0.40048
0, 6.62416e+16, 0.12892
1, 8.45507e+16, 0.188925
1, 7.70367e+15, 1.47586
0, 3.65403e+16, 1.38642
1, 1.34713e+16, 1.07346
0, 5.88366e+16, 0.755654
0, 7.29701e+16, 0.837225
1, 2.18449e+16, 0.656752
0, 5.36903e+16, 1.28684
0, 7.45326e+16, 0.911056
1, 6.09521e+16, 0.967018
1, 1.82734e+16, 0.143549
0, 8.86339e+16, 1.19102
1, 2.25894e+16, 0.868823
0, 8.70614e+16, 0.630211
1, 4.63482e+16, 0.923852
0, 8.92864e+16, 0.439814
1, 1.77195e+16, 1.4412
1, 9.46391e+15, 0.322564
0, 6.58673e+16, 0.241309
0, 6.99339e+16, 0.969705
1, 2.32434e+16, 0.196826
1, 2.9895e+16, 0.661191
1, 1.7093e+16, 0.695326
0, 9.27711e+16, 1.53549
1, 1.77368e+16, 0.912913
1, 1.46312e+15, 0.0861016
1, 8.72703e+15, 0.252636
0, 5.92738e+16, 0.0219574
1, 1.35003e+16, 0.828502
0, 4.40578e+16, 1.46012
0, 6.28249e+16, 0.1228
0, 7.98747e+16, 0.625329
1, 5.7057e+16, 0.44499
1, 3.51169e+16, 0.539242
0, 4.10432e+16, 1.26038
0, 9.67166e+16, 0.365421
0, 6.56848e+16, 0.0199647
0, 9.21032e+16, 0.115442
1, 3.94164e+16, 0.927065
1, 1.39405e+16, 0.310621
1, 6.72346e+15, 0.43433
0, 7.80031e+16, 1.29438
1, 4.66824e+16, 0.510321
1, 8.87812e+15, 1.55197
0, 5.92223e+16, 1.49022
1, 8.12748e+15, 0.149765
0, 9.9458e+16, 1.31997
1, 2.33678e+16, 0.62416
1, 2.64534e+16, 0.0944954
0, 5.77724e+16, 1.05182
0, 7.91988e+16, 0.988806
0, 6.8599e+16, 0.929625
1, 1.51488e+16, 0.684701
0, 6.04843e+16, 1.47769
0, 6.0022e+16, 0.705824
0, 8.3803e+16, 0.447853
0, 6.84497e+16, 0.24254
0, 9.03601e+16, 1.26189
1, 2.39061e+16, 0.579694
0, 9.68653e+16, 1.52837
0, 5.27141e+16, 1.18707
0, 4.56099e+16, 0.103002
0, 5.69396e+16, 1.34228
0, 8.90265e+16, 1.44267
0, 5.19134e+16, 1.39278
0, 9.1054e+16, 1.51389
1, 4.73772e+15, 1.15206
1, 1.42107e+16, 0.292369
0, 5.08183e+16, 0.237596
0, 8.91924e+16, 0.815709
1, 1.0817e+16, 0.45449
1, 1.53918e+16, 0.535937
1, 5.35874e+16, 0.188166
1, 1.49248e+15, 0.147829
0, 6.55499e+16, 0.846053
1, 1.41982e+16, 0.728375
0, 9.35587e+16, 0.44833
1, 2.1997e+16, 0.614693
0, 5.24039e+16, 0.0193107
1, 6.89564e+16, 0.635699
1, 4.78655e+16, 0.173486
1, 1.17953e+16, 0.564982
1, 3.17157e+16, 0.15774
0, 4.73597e+16, 0.583667
1, 9.43233e+16, 0.187393
0, 3.03992e+16, 0.978325
1, 4.16668e+16, 0.342299
1, 2.68352e+16, 0.0842046
0, 3.09879e+16, 1.03344
1, 5.26203e+16, 0.494384
0, 4.98144e+16, 0.0670474
0, 9.70461e+16, 0.863293
0, 7.63428e+16, 0.859084
0, 9.02832e+16, 0.659019
0, 9.96153e+16, 1.34179
0, 9.42476e+16, 1.36712
0, 3.22294e+16, 0.861332
0, 6.05859e+16, 0.417734
0, 7.77564e+16, 1.03063
1, 4.9593e+16, 0.416062
1, 5.0263e+15, 0.599336
1, 1.82196e+15, 0.760147
1, 4.02548e+16, 0.677252
0, 4.98563e+16, 0.0385239
1, 5.50747e+16, 0.973388
0, 8.24386e+16, 1.03788
0, 4.22775e+16, 0.365195
1, 1.27946e+15, 0.425358
1, 4.71345e+16, 0.194369
1, 6.59228e+15, 1.472
0, 4.89672e+16, 0.47273
1, 4.03779e+16, 0.292934
0, 8.43375e+16, 1.42269
0, 6.53663e+16, 0.476733
0, 8.53864e+16, 1.51093
0, 7.04524e+16, 0.521096
0, 8.73248e+16, 0.23657
0, 9.95143e+16, 1.01673
1, 1.09632e+16, 0.566948
1, 2.99238e+16, 1.05423
0, 9.75385e+16, 1.56077
1, 2.32602e+15, 1.2172
0, 9.77461e+16, 0.606437
0, 9.36842e+16, 0.907731
1, 6.36585e+15, 1.10809
0, 6.30476e+16, 1.46442
0, 7.42021e+16, 1.10492
1, 7.8913e+16, 0.509594
1, 1.41167e+15, 0.455793
1, 2.77728e+16, 0.952147
0, 7.16931e+16, 1.46088
1, 1.55798e+16, 0.457425
1, 3.61613e+16, 0.313994
1, 5.86468e+15, 0.984452
0, 7.67666e+16, 0.99807
0, 7.74061e+16, 1.17549
0, 8.02924e+16, 0.967084
1, 2.61733e+16, 0.595036
0, 9.4519e+16, 0.837701
0, 9.7403e+16, 0.559815
0, 6.77163e+16, 1.26937
1, 9.75188e+15, 0.190533
1, 1.77731e+16, 1.31331
1, 4.32796e+16, 0.412066
1, 1.60757e+16, 0.748106
1, 3.51025e+16, 1.11349
0, 4.36286e+16, 0.860632
1, 2.61346e+16, 1.19895
1, 1.49181e+16, 1.45925
0, 6.04861e+16, 1.15472
0, 5.44126e+16, 0.218784
0, 5.45659e+16, 1.24581
0, 5.3188e+16, 1.1037
0, 6.2152e+16, 0.148958
0, 9.1613e+16, 0.58871
1, 4.62703e+16, 0.0934299
1, 2.9369e+16, 0.114879
0, 7.51285e+16, 0.181012
1, 2.74029e+16, 0.356916
0, 6.01916e+16, 1.23885
1, 5.01836e+16, 0.140222
0, 3.84982e+16, 0.54506
1, 3.11992e+16, 1.4264
1, 2.86396e+16, 0.49347
1, 2.75774e+16, 0.0807277
0, 9.13066e+16, 1.09423
1, 2.30007e+16, 0.571739
1, 3.93275e+16, 0.416138
0, 6.68791e+16, 0.403307
0, 9.40776e+16, 0.545338
1, 1.7862e+15, 0.881511
1, 3.50949e+15, 0.711862
0, 6.28025e+16, 0.168097
0, 4.08769e+16, 1.46707
1, 3.26697e+16, 0.502871
0, 5.42817e+16, 1.42266
0, 7.9323e+16, 0.326787
1, 3.06856e+16, 0.686744
1, 1.15643e+16, 0.266013
0, 9.20166e+16, 1.37305
1, 3.74751e+16, 0.629016
0, 9.50639e+16, 0.748375
1, 6.27761e+16, 0.528607
0, 6.4127e+16, 0.832183
1, 1.76127e+16, 0.989014
1, 3.06789e+16, 0.090952
1, 1.34032e+16, 1.50618
0, 7.20948e+16, 0.696677
1, 1.78443e+16, 0.750874
0, 9.73811e+16, 0.736966
0, 6.75732e+16, 1.46911
1, 1.68236e+16, 1.23443
0, 9.86343e+16, 1.17054
1, 3.27612e+16, 0.229128
1, 9.40083e+15, 0.599091
0, 5.21112e+16, 0.360519
1, 3.41247e+16, 0.43518
1, 1.61095e+16, 0.345649
0, 7.32204e+16, 0.776487
1, 6.32032e+15, 0.499588
1, 2.58766e+16, 0.887491
0, 7.79961e+16, 0.891896
1, 1.5709e+15, 0.473847
1, 3.47311e+15, 1.00627
1, 4.37645e+16, 0.0231319
0, 9.8762e+16, 0.00733854
0, 7.74223e+16, 0.568678
0, 5.7563e+16, 0.324749
0, 8.87086e+16, 1.06177
0, 9.05766e+16, 0.192254
0, 6.21883e+16, 0.580428
1, 2.48103e+16, 1.26232
0, 7.51763e+16, 0.935001
0, 5.71135e+16, 0.290597
0, 4.66266e+16, 1.07047
1, 1.09861e+16, 1.45472
1, 5.24761e+16, 0.873454
0, 7.31725e+16, 0.30664
1, 3.39801e+16, 1.36651
1, 1.91845e+16, 1.0363
0, 7.39667e+16, 0.221435
0, 5.65278e+16, 0.390289
1, 2.96929e+16, 0.936094
1, 4.54925e+16, 1.03327
1, 1.52128e+16, 0.640923
0, 6.06223e+16, 0.183677
0, 8.91143e+16, 0.403382
1, 1.15929e+16, 1.13316
0, 6.39997e+16, 0.759877
1, 1.57341e+16, 0.52178
0, 6.93668e+16, 0.425563
0, 3.18233e+16, 0.943289
0, 3.42556e+16, 1.48462
1, 1.50044e+16, 1.25285
1, 7.57248e+15, 1.19616
0, 6.1474e+16, 0.559794
0, 9.05525e+16, 0.898569
0, 5.05509e+16, 1.06388
0, 8.88452e+16, 1.4052
0, 5.82513e+16, 1.56184
0, 3.73657e+16, 1.54256
0, 3.75827e+16, 1.12796
1, 7.76912e+16, 0.0254492
0, 5.18452e+16, 0.472582
1, 2.38879e+16, 0.694914
0, 4.3231e+16, 0.503275
0, 4.69422e+16, 0.159045
1, 9.37253e+16, 0.297114
1, 3.30325e+16, 0.661387
0, 4.92907e+16, 1.27059
0, 4.22927e+16, 1.03032
0, 5.02966e+16, 0.347109
1, 6.9016e+15, 0.796201
0, 8.73337e+16, 1.3853
1, 8.66323e+15, 0.936247
0, 4.94034e+16, 0.405419
1, 8.19685e+16, 0.982759
1, 2.00259e+15, 0.668868
0, 3.5541e+16, 1.15893
1, 9.85627e+15, 1.25872
0, 4.13306e+16, 0.841561
1, 2.41686e+16, 0.587078
1, 9.17719e+15, 0.645217
0, 8.01846e+16, 0.584128
0, 3.43289e+16, 1.19434
1, 1.87776e+16, 0.755793
1, 6.99372e+16, 0.411591
1, 4.13345e+16, 0.0651985
0, 9.99247e+16, 1.49999
1, 2.8311e+16, 1.06446
0, 5.83258e+16, 0.0880773
0, 9.50718e+16, 1.4469
1, 1.42254e+16, 0.21321
1, 7.39547e+16, 0.476935
1, 4.39948e+15, 0.23992
0, 6.50907e+16, 0.0629098
0, 7.81083e+16, 1.49479
0, 8.41256e+16, 0.623087
0, 9.62232e+16, 1.44963
0, 6.20614e+16, 1.32185
0, 9.66367e+16, 1.30188
0, 9.51925e+16, 1.38682
1, 1.91717e+16, 0.819675
1, 4.00086e+16, 0.220945
1, 9.59756e+15, 0.861121
0, 6.03531e+16, 1.08994
1, 9.31089e+15, 1.50879
1, 1.08721e+16, 1.28878
0, 6.82516e+16, 0.83616
0, 2.91325e+16, 1.42016
1, 5.40282e+16, 0.163148
1, 3.07639e+16, 1.22319
0, 4.94651e+16, 0.277313
0, 7.81146e+16, 1.1508
0, 9.84739e+16, 1.22544
1, 1.01987e+16, 1.53128
1, 1.16876e+16, 1.1129
0, 6.79996e+16, 0.723005
0, 5.64477e+16, 0.413223
0, 4.8117e+16, 1.29352
0, 8.42605e+16, 0.627652
0, 6.98232e+16, 1.36513
0, 5.19625e+16, 1.32849
0, 7.00731e+16, 0.760499
1, 3.16121e+16, 0.108817
1, 8.21011e+15, 1.20998
1, 1.365e+16, 1.04504
1, 7.72645e+15, 0.735868
0, 9.41754e+16, 1.36997
0, 7.11049e+16, 0.426787
0, 9.92131e+16, 0.912345
1, 2.81855e+16, 0.489535
1, 4.62266e+16, 0.269156
0, 4.27933e+16, 0.27579
0, 9.3791e+16, 1.27943
1, 1.76475e+16, 0.82491
0, 5.85038e+16, 1.31307
0, 3.5973e+16, 0.555791
1, 5.53614e+15, 1.32465
0, 6.28359e+16, 0.961542
0, 7.82491e+16, 0.583718
0, 8.22541e+16, 0.526921
0, 5.74606e+16, 1.16029
0, 5.83169e+16, 0.668088
0, 6.03299e+16, 1.39578
1, 7.14312e+15, 0.334012
1, 4.31427e+16, 1.21816
1, 8.91492e+16, 1.00414
1, 5.26208e+15, 0.271548
0, 7.40729e+16, 0.461882
1, 2.51594e+16, 0.747417
0, 7.29218e+16, 0.862272
0, 8.44453e+16, 0.820242
0, 6.89625e+16, 0.667525
1, 6.73317e+16, 0.261489
1, 1.98926e+16, 1.15756
1, 8.32648e+16, 1.44596
0, 7.50128e+16, 0.515802
0, 4.63044e+16, 1.20887
1, 1.52565e+16, 1.47988
1, 7.46387e+15, 0.339222
0, 9.26451e+16, 0.524393
1, 1.64185e+16, 0.167045
0, 9.06138e+16, 0.0405783
1, 2.06046e+16, 0.509764
0, 4.35783e+16, 1.35176
1, 3.86264e+15, 0.0520783
0, 8.21152e+16, 0.506777
1, 5.06007e+16, 0.334521
1, 1.87092e+16, 0.904836
0, 8.19712e+16, 0.5957
0, 9.90576e+16, 0.35157
0, 9.99584e+16, 1.28206
1, 5.65684e+15, 1.13767
1, 3.79114e+16, 0.17019
0, 9.39383e+16, 1.48145
0, 5.81526e+16, 1.5307
0, 7.27356e+16, 0.682976
1, 4.0358e+16, 0.147796
1, 3.15756e+16, 1.01572
1, 2.33726e+16, 0.164147
1, 2.57118e+16, 0.146153
0, 8.20508e+16, 1.4778
1, 1.69169e+16, 1.03626
0, 8.16744e+16, 1.11708
0, 3.99506e+16, 0.168449
1, 9.08064e+16, 0.254805
1, 3.19761e+16, 1.33339
0, 7.2544e+16, 1.50323
0, 5.82154e+16, 0.768148
1, 4.2624e+16, 0.573709
1, 4.94908e+16, 0.124831
0, 9.62704e+16, 1.44462
0, 9.06926e+16, 0.752169
1, 1.68975e+16, 1.31719
1, 4.93453e+16, 0.485767
1, 1.80343e+16, 1.49866
1, 7.18242e+16, 1.16578
0, 6.83118e+16, 1.44731
0, 4.2679e+16, 1.03457
0, 4.12448e+16, 1.16557
0, 7.59746e+16, 1.2953
0, 9.22074e+16, 1.22159
1, 1.8889e+16, 0.328997
0, 8.86715e+16, 1.09519
1, 7.85553e+16, 1.51023
0, 7.98997e+16, 0.0569866
1, 2.455e+16, 1.53248
1, 2.5125e+15, 1.20788
0, 7.23262e+16, 1.14227
0, 5.24718e+16, 0.922015
1, 1.35119e+15, 0.0038776
0, 7.03153e+16, 0.151942
0, 5.90624e+16, 0.448851
1, 1.19032e+16, 0.968874
0, 4.01029e+16, 1.03988
0, 7.26944e+16, 0.841432
1, 2.5607e+16, 1.07079
0, 6.47042e+16, 1.05021
1, 1.77506e+16, 0.464419
1, 1.92503e+16, 0.302869
0, 8.15266e+16, 0.730205
0, 5.06921e+16, 0.754811
1, 9.69718e+15, 0.575428
1, 5.33056e+16, 1.48939
0, 9.45905e+16, 0.588518
1, 4.3955e+16, 0.640839
0, 7.60948e+16, 0.228806
1, 8.60842e+16, 0.372194
0, 6.8709e+16, 1.11459
0, 9.94702e+16, 0.94589
0, 4.09872e+16, 0.45593
0, 3.90071e+16, 1.53465
1, 2.45571e+16, 0.369189
0, 5.63426e+16, 0.0824565
1, 2.16732e+15, 1.5304
0, 7.00433e+16, 0.670412
0, 6.4415e+16, 0.0134044
0, 6.71593e+16, 0.926301
1, 4.00381e+16, 0.769156
1, 1.57866e+16, 0.186645
0, 9.11139e+16, 0.0873741
1, 6.1119e+15, 0.212913
1, 2.98144e+16, 0.640886
0, 6.70773e+16, 0.720361
0, 3.98362e+16, 1.32342
0, 9.64804e+16, 0.969572
0, 7.18783e+16, 1.04493
0, 5.86257e+16, 0.4059
0, 8.97995e+16, 0.822032
1, 1.42369e+16, 0.46719
1, 7.95336e+16, 1.41355
1, 2.57429e+16, 1.39103
0, 8.77398e+16, 1.19553
0, 7.37215e+16, 0.583647
0, 8.02799e+16, 0.665385
0, 8.16515e+16, 1.1909
0, 9.43415e+16, 0.984137
0, 8.00488e+16, 0.730347
0, 7.033e+16, 1.21873
1, 2.20195e+16, 1.15822
1, 3.12061e+16, 0.819787
0, 4.53625e+16, 1.40584
0, 6.20268e+16, 0.659588
0, 9.75367e+16, 1.00713
0, 9.45389e+16, 1.48741
1, 3.70665e+16, 0.535412
1, 8.555e+15, 0.996518
0, 6.1207e+16, 1.07812
0, 6.97896e+16, 1.21934
0, 8.10994e+16, 0.658535
1, 4.64396e+16, 1.24608
0, 7.33345e+16, 1.04739
1, 8.21255e+16, 0.999036
1, 3.82653e+16, 0.0583442
1, 3.57597e+16, 0.61117
0, 8.15275e+16, 0.1226
1, 2.70384e+16, 0.232314
1, 3.2105e+16, 0.633739
1, 2.56828e+16, 0.451564
1, 2.26761e+16, 1.52701
1, 2.66646e+16, 0.363883
1, 9.47341e+15, 1.18123
1, 2.75305e+16, 0.867367
1, 3.82793e+16, 0.0875026
0, 7.08354e+16, 1.09629
1, 4.12718e+15, 1.29924
1, 2.22624e+16, 1.04589
1, 6.46769e+16, 0.273889
0, 6.53196e+16, 1.48565
0, 8.18535e+16, 0.76873
0, 9.63407e+16, 1.19912
0, 8.2294e+16, 1.00025
0, 5.72565e+16, 1.07384
1, 1.88282e+16, 1.36773
1, 5.19906e+16, 0.504741
1, 2.4236e+16, 1.47596
1, 2.90948e+16, 0.585639
1, 1.51498e+15, 0.94363
0, 7.06322e+16, 0.370229
1, 6.08645e+16, 0.103894
0, 7.23118e+16, 1.32481
0, 7.73466e+16, 0.178626
1, 1.60357e+15, 0.525598
0, 8.3248e+16, 1.27621
1, 3.1542e+16, 0.218416
0, 8.61698e+16, 0.494249
1, 1.80203e+16, 1.13961
0, 6.64122e+16, 0.855569
0, 6.26287e+16, 0.540754
1, 1.57479e+16, 0.353348
0, 4.73363e+16, 0.334057
1, 6.62321e+16, 0.0710292
0, 3.865e+16, 1.15426
1, 1.65498e+16, 0.0927427
1, 1.14563e+16, 0.58368
0, 6.76494e+16, 1.20067
1, 2.59816e+16, 0.287744
0, 7.27502e+16, 0.263658
1, 3.11393e+16, 0.641954
1, 5.38613e+16, 0.347889
0, 8.46072e+16, 1.4448
1, 4.83028e+16, 0.359838
0, 9.52777e+16, 0.0973899
0, 4.42251e+16, 1.19932
1, 5.1813e+16, 0.801966
1, 3.6428e+16, 0.303043
0, 4.99843e+16, 1.51294
1, 2.23384e+16, 1.09266
0, 8.48813e+16, 0.0861716
1, 5.22749e+16, 1.0997
1, 3.21825e+16, 0.518253
1, 2.48314e+16, 1.12959
1, 2.36999e+16, 1.06507
0, 6.81041e+16, 1.53637
1, 6.24105e+15, 0.862849
1, 2.15463e+16, 0.685713
0, 4.22234e+16, 0.876836
1, 3.86139e+16, 0.565899
0, 6.97369e+16, 0.176374
1, 3.36655e+16, 0.488617
0, 8.77114e+16, 1.04348
1, 2.69409e+16, 0.470571
0, 7.95723e+16, 1.38644
0, 5.8509e+16, 1.53037
1, 3.92309e+15, 1.43451
0, 9.31378e+16, 1.19243
1, 8.33547e+16, 0.126088
1, 1.36792e+15, 0.911952
0, 8.00881e+16, 0.86614
0, 7.77617e+16, 1.11964
0, 6.38266e+16, 1.29548
1, 8.95891e+16, 0.217413
0, 7.03185e+16, 0.821662
1, 8.76593e+15, 0.230328
1, 9.80974e+16, 0.00481947
0, 8.74519e+16, 0.46093
0, 7.7883e+16, 0.935579
0, 6.52179e+16, 0.342332
0, 4.50834e+16, 1.02493
1, 7.92835e+16, 0.824473
1, 2.34373e+16, 0.699391
0, 8.05776e+16, 0.0576874
0, 4.74267e+16, 1.13316
0, 9.7713e+16, 1.36138
1, 2.74141e+16, 0.868529
0, 7.6254e+16, 1.2748
0, 9.62051e+16, 1.44063
0, 5.19875e+16, 0.123234
1, 3.21952e+16, 0.757159
0, 4.50932e+16, 1.42592
1, 2.36378e+16, 0.313612
0, 8.97849e+16, 1.23319
1, 1.37915e+16, 0.682388
0, 4.24705e+16, 0.489901
1, 3.8202e+15, 0.365442

